u
0.76065337825662
1
0.3141683876049932
2
0.6779132631163032
3
0.10793747124258032
4
0.4489155233030245
5
0.3529577671388486
6
0.4182421007007975
7
0.2914731967197866
8
0.08762293444581512
9
0.13946374383521493
10
0.41585517606366856
11
0.2629849865566797
12
0.48969136294196736
13
0.6705140251136842
14
0.7889716463413811
15
0.7513739726239478
16
0.30959356934639254
17
0.1262913583619201
18
0.4449694117671256
19
0.29872300028201915
20
0.45801865737737124
21
0.8650351173753125
22
0.8087705020718331
23
0.3369517635915584
24
0.20972994088007324
25
0.5043872931324882
26
0.8189103722817033
27
0.43149275226894507
28
0.21020658048052016
29
0.5637491076537025
30
0.1105484093380966
31
0.9018471077891266
32
0.4073327317740215
33
0.6212692083013853
34
0.1566800383012351
35
0.7893542722341632
36
0.8596497755013555
37
0.6097944025218986
38
0.5726929221987135
39
0.7688156742862272
40
0.7013927406020586
41
0.904305658673832
42
0.7431594500368689
43
0.642268335937244
44
0.5962667628574764
45
0.48606646014849486
46
0.7649632442580384
47
0.45055017495171534
48
0.47364272304848826
49
0.7355335550276222
50
0.683204984239961
51
0.9276673764408475
52
0.7274187518028734
53
0.28913549463098526
54
0.5601062212680449
55
0.844528897132907
56
0.9081041742822701
57
0.3610131122441235
58
0.8773236084376741
59
0.283208354042947
60
0.9420160495085461
61
0.8209742773694969
62
0.13386658985304092
63
0.06197588979306767
64
0.05251631404133032
65
0.46876203041068426
66
0.901612261707305
67
0.7291235305413772
68
0.8468875238731817
69
0.6252713182656198
70
0.5755355800882704
71
0.16056567773304542
72
0.7209496372627539
73
0.06573894126770455
74
0.5031949113719819
75
0.46372728520538886
76
0.2528931302790422
77
0.837569515862773
78
0.8494526695744646
79
0.7765318389621488
80
0.5101882918641191
81
0.08731280266531966
82
0.751996250363798
83
0.6265209327863877
84
0.1534271470089373
85
0.5665289788303343
86
0.3547932791667139
87
0.9523631674383335
88
0.6384999567201822
89
0.6940670130962091
90
0.21407299700396865
91
0.5856472185673329
92
0.7999058275484413
93
0.7298117875801834
94
0.5639038396600908
95
0.20501570655366216
96
0.33175640004376056
97
0.20893146709873767
98
0.1583993101604322
99
0.17154366913066849
100
0.3362035514076007
101
0.8558224926093863
102
0.47481348213530156
103
0.7985606672092851
104
0.059616171107821796
105
0.42707989132613655
106
0.8496638404277176
107
0.7642887238387257
108
0.043203611099165574
109
0.8309168276604016
110
0.4312359465291358
111
0.4736516981858467
112
0.2651667568762328
113
0.382713592215954
114
0.7635754484017103
115
0.6331236506373908
116
0.8089146945421183
117
0.4916898385731277
118
0.6831248162458716
119
0.29722366103225983
120
0.6119332958729581
121
0.2495243486358807
122
0.518144682890552
123
0.6762990566237276
124
0.5433483431539506
125
0.08303693310956545
126
0.8324534000235575
127
0.6614767049144686
128
0.380882516315029
129
0.6735809303379919
130
0.6912142336552793
131
0.7561519344306297
132
0.4986300042888634
133
0.1405244122570476
134
0.20089062997429044
135
0.08138660056051418
136
0.8956575771042539
137
0.9379681303549328
138
0.7808247715987229
139
0.8420147430271152
140
0.3878193228820159
141
0.5356466033013578
142
0.7917742001776779
143
0.16645738910643365
144
0.628161787260806
145
0.6500121402245106
146
0.2378668447926811
147
0.27960905444123413
148
0.24763556611442974
149
0.8483707499876778
150
0.612160297010428
151
0.4360210468312443
152
0.6890329840444837
153
0.7461853320727264
154
0.7821700818181857
155
0.591664876627338
156
0.6692581712272526
157
0.6833796201101805
158
0.3555001739810548
159
0.5767402251081055
160
0.7797191401895841
161
0.3083481951227791
162
0.7006126901427456
163
0.20029977079804864
164
0.4014931588114223
165
0.6644296477417762
166
0.8025979673427523
167
0.6698848664837354
168
0.3977941559748313
169
0.4347343983678064
170
0.3247666859094587
171
0.790655748238765
172
0.3702833746708787
173
0.08835241224641979
174
0.8621655981722793
175
0.40777118236791526
176
0.49342499537031753
177
0.5779661951119527
178
0.34857821065406347
179
0.07581802147513352
180
0.27846649435651794
181
0.04702200761259665
182
0.7486624295359764
183
0.3755847041192529
184
0.294746429236231
185
0.4439162612328397
186
0.8635883343781761
187
0.37996622520681317
188
0.8129762029868767
189
0.6417339184167189
190
0.5979785360027878
191
0.6893530054680093
192
0.6565440621888597
193
0.4872700383499256
194
0.25666184661788116
195
0.2810664202416066
196
0.34744089877421036
197
0.2863760607426924
198
0.6819775740824435
199
0.048244552021832525
200
0.1699026997189837
201
0.3379609969924028
202
0.8449573279409995
203
0.10759220227916036
204
0.021301936504664047
205
0.9012857614188371
206
0.6270092574791705
207
0.9039085562031096
208
0.4392120192993271
209
0.3039772858947117
210
0.6777796794839889
211
0.10771018350471954
212
0.2426924208543875
213
0.931084572324343
214
0.8587750629481443
215
0.08518136273646788
216
0.1567620536568457
217
0.7098026076792753
218
0.7167309851545032
219
0.5522875376475673
220
0.3241957490474342
221
0.4263744942873287
222
0.06237194726483884
223
0.11444393209583734
224
0.89462099546004
225
0.08518376651526194
226
0.9574018574141829
227
0.5449493163392773
228
0.44935091294530943
229
0.2439663456801784
230
0.8652409628771816
231
0.23618867877846522
232
0.3429654403522484
233
0.8333192486991319
234
0.5208462782768268
235
0.1809283824493932
236
0.6439887214197653
237
0.3360006587705781
238
0.7698489998655095
239
0.48198565960570183
240
0.7152791900919079
241
0.6654807141450001
242
0.15207776619153107
243
0.7865727574100644
244
0.8362828555043391
245
0.7441763969381228
246
0.49565872131400307
247
0.8259799185109615
248
0.7134535923527363
249
0.4876727484720987
250
0.28343744406408145
251
0.7118727143612019
252
0.3681118008922581
253
0.3660658127804559
254
0.6731079490739253
255
0.1826181495210538
256
0.7552325922283842
257
0.3875745598251343
258
0.5224656534490475
259
0.5969748581905017
260
0.562578814896524
261
0.41292430222584475
262
0.30117454969325136
263
0.3352404232308937
264
0.3154414429758516
265
0.23844886330181517
266
0.6896477670137474
267
0.8130312738495811
268
0.6314786861396039
269
0.7519266663077062
270
0.3023804209459134
271
0.5412484281232333
272
0.7717506423352372
273
0.3616576048909734
274
0.4276214027743327
275
0.5923093305078508
276
0.42786125941315395
277
0.2502748374652455
278
0.5991330427511431
279
0.4537209851763613
280
0.3693435701209248
281
0.4736953152125044
282
0.3262171374884625
283
0.313805308150877
284
0.466894900937078
285
0.6352034684195994
286
0.2229921278579664
287
0.8274696372804782
288
0.7100865335971112
289
0.584452733088196
290
0.7056048378198155
291
0.7432596146306032
292
0.6483642912859847
293
0.7814416394536193
294
0.7611606427979548
295
0.5669085849188059
296
0.31317430751600733
297
0.5509106550997425
298
0.6457926370506334
299
0.4679562979482056
300
0.32366513993764723
301
0.6555623735534876
302
0.433319280386329
303
0.8723060108727514
304
0.4430268179652356
305
0.5526504232613902
306
0.39099804508829017
307
0.2778380972359499
308
0.03576512607147789
309
0.6368659691053946
310
0.5947062324350231
311
0.14983578648296386
312
0.6507503388613306
313
0.6017741011935273
314
0.0760447442817655
315
0.8902291585023291
316
0.5612981219032982
317
0.6065405508285868
318
0.6953111761089543
319
0.6509588010413254
320
0.4679319207579338
321
0.6554468573701763
322
0.5603773887868498
323
0.2328121821164809
324
0.30528565555815856
325
0.764967787660632
326
0.5598661989970816
327
0.29615881397193156
328
0.3499048338616806
329
0.12522619341018826
330
0.8410692714788244
331
0.5318647849507847
332
0.46772912928671356
333
0.36979573556704515
334
0.3475311418024815
335
0.4556910597036112
336
0.6592638746930621
337
0.6296208965604904
338
0.20477718464708922
339
0.8415965750875852
340
0.8252001991230161
341
0.6803367763807155
342
0.3000262199108313
343
0.09292135004099372
344
0.3787222899782785
345
0.058791700559876967
346
0.8897402736807634
347
0.4812188175199959
348
0.1934882346867515
349
0.44416536548888197
350
0.8259871132223229
351
0.16239452761716333
352
0.30686930240991006
353
0.06630648671750228
354
0.3715875934950895
355
0.21856466357435556
356
0.8725550090364113
357
0.6594432782594004
358
0.550661202771931
359
0.4736683828236964
360
0.22944222179268844
361
0.7787814604131487
362
0.7754735008415663
363
0.6003170848311563
364
0.17311300186465456
365
0.7318497335891097
366
0.5169736735309395
367
0.3769809389876885
368
0.7893809892839456
369
0.5217824742861852
370
0.6697815961607243
371
0.5153607496437514
372
0.11183467285626829
373
0.4168846547454314
374
0.37669637236268216
375
0.19612628498299653
376
0.6609511330804797
377
0.6096859486119821
378
0.5669563852804262
379
0.48613338413525753
380
0.5234652995619464
381
0.44893921477077225
382
0.3318679051871086
383
0.5971136816474104
384
0.18747029211321628
385
0.24809890252738623
386
0.3220801028373631
387
0.6563798674745949
388
0.4738124952760583
389
0.7417250578086712
390
0.8594626803931564
391
0.5157755155602607
392
0.44327195344998493
393
0.23448373507871492
394
0.6931636591622959
395
0.8310585786176451
396
0.635743050103447
397
0.5088343979052726
398
0.7532369613193564
399
0.43500491351186
400
0.3679109546816984
401
0.5767222203625955
402
0.5138314190403542
403
0.800814726730081
404
0.3641916549050505
405
0.5017250858813317
406
0.3807455845773666
407
0.5687855197532777
408
0.5897043218765201
409
0.34621364075750644
410
0.18544392608597987
411
0.7812329390158397
412
0.3884717138381003
413
0.31960373540521075
414
0.025979638319905473
415
0.28783553449916016
416
0.007049867444525631
417
0.16125116937205483
418
0.9830411243977719
419
0.1283481999477089
420
0.9574074440027852
421
0.6936161351247659
422
0.15561442765135958
423
0.7182367721825806
424
0.7845321411691987
425
0.37450306774834863
426
0.7061185963934692
427
0.9470434555739558
428
0.8620473279517178
429
0.20051600381152831
430
0.6000567324212118
431
0.4913460782643604
432
0.37081741841664834
433
0.2749293041451558
434
0.6823333575505252
435
0.5150203015894085
436
0.09453577146295648
437
0.7704216518883621
438
0.8725319959570159
439
0.31565986771464655
440
0.43907376301245776
441
0.6490089310828567
442
0.5821576952681365
443
0.462245571304843
444
0.3783093725322043
445
0.44489665286440055
446
0.7703713821135286
447
0.38204664182268444
448
0.5362774936227256
449
0.20779413366514163
450
0.9237132936909197
451
0.8613952142832728
452
0.5543591324690259
453
0.8803360155628218
454
0.5413077556186086
455
0.4096915802487829
456
0.5387535016855253
457
0.41450441576039004
458
0.8264860660834437
459
0.7463771797046347
460
0.6411359661846912
461
0.5435993942468609
462
0.14971612006369694
463
0.8525263356800709
464
0.7727788846996717
465
0.6826653522091123
466
0.13812876506331967
467
0.4134808914105612
468
0.8095254554115964
469
0.4962318817339242
470
0.22403362840049618
471
0.8068372316933432
472
0.4315322788440787
473
0.47364997358837163
474
0.1980026004756257
475
0.3950197370590308
476
0.700476582178031
477
0.09883572870350038
478
0.5891065007143398
479
0.7917098184744394
480
0.4085263323736505
481
0.4736629126046337
482
0.49656821032706966
483
0.5193996841351775
484
0.3268635336627289
485
0.11321392997639171
486
0.4886611043384448
487
0.25939093994002005
488
0.36629723852341967
489
0.7095354023053548
490
0.5594659319510809
491
0.13376137216652528
492
0.7432790794327759
493
0.9113984805001433
494
0.8694764246261399
495
0.51680899622485
496
0.36691324640754763
497
0.10244449080743415
498
0.20297242785614175
499
0.8430771854198609
500
0.3558006196709871
501
0.5337346357674232
502
0.7453041057265661
503
0.518496218292096
504
0.5186481944182277
505
0.14018220600666037
506
0.19464850567431097
507
0.6571585747632533
508
0.5274350807367802
509
0.6002188960613927
510
0.4991490385969906
511
0.322914127633986
512
0.3141557174287229
513
0.2206852887535772
514
0.17133164639277296
515
0.7671163563400507
516
0.6118640589007358
517
0.22964503323927457
518
0.20557776558559762
519
0.26177957960202203
520