u
0.6203859266805876
1
0.3008456458141072
2
0.32420092723311017
3
0.5030253664610331
4
0.7430397955082773
5
0.6122158864309051
6
0.7774433531366701
7
0.10660398984237927
8
0.25444726186798927
9
0.21101413404302746
10
0.3906678491479741
11
0.45508789199145877
12
0.9015708141122252
13
0.8604398093618699
14
0.9776645324496865
15
0.2998915652032424
16
0.6467806446368107
17
0.3008119647900831
18
0.32420091103056065
19
0.5030253664612093
20
0.7430397955082836
21
0.6122158864309053
22
0.7774433531366701
23
0.10660398984237927
24
0.25444726186798927
25
0.21101413404302746
26
0.3906678491479741
27
0.45508789199145877
28
0.9015708141122252
29
0.8604398093618699
30
0.5550185390483722
31
0.8734489161504926
32
0.5337768767126789
33
0.6404497178677568
34
0.8480960548785661
35
0.7956611894588166
36
0.7649996568164928
37
0.6162829228559689
38
0.24978700984167845
39
0.5638383464091055
40
0.4007426253819501
41
0.7315010956807759
42
0.8614303387715401
43
0.3809627725953477
44
0.4095305163557827
45
0.19425125443451383
46
0.6961933761802117
47
0.7904870567849993
48
0.6953800650241712
49
0.5058288597283885
50
0.704497850127051
51
0.4984490399921892
52
0.8150439596793525
53
0.5211781495543271
54
0.7278194078692964
55
0.7489382369181875
56
0.24547413485324196
57
0.5301834753603003
58
0.800996140828247
59
0.7146388805859889
60
0.541448732559559
61
0.39109888356404177
62
0.5600425081440874
63
0.38905589831213966
64
0.5669134120649785
65
0.6356869694376961
66
0.31842408672040545
67
0.6692269113515766
68
0.8711174990673394
69
0.6757556132000849
70
0.5385346663492522
71
0.4963147868453893
72
0.8294454633931255
73
0.15409211823893032
74
0.6075976143117743
75
0.6873676262588331
76
0.1008702134587745
77
0.10802898107883768
78
0.40077901307037306
79
0.4040404580854658
80
0.3948233356037489
81
0.7606878602561302
82
0.0674716500847909
83
0.3925034612665028
84
0.4042304298131711
85
0.5511465779322964
86
0.8403545614958531
87
0.7891299862478968
88
0.060890489207138083
89
0.927091727405894
90
0.5723537500336267
91
0.20971721048987307
92
0.2752764641786997
93
0.9378305690750832
94
0.7229768442052823
95
0.8615171008332162
96
0.3955807725024902
97
0.8265842865118683
98
0.6808485511647476
99
0.9030674371937201
100
0.36529966781301204
101
0.24648092916392467
102
0.46152275325763703
103
0.5611025527418155
104
0.15984934637624595
105
0.4397803628081351
106
0.5763262919609964
107
0.24215161221697254
108
0.48510080399264344
109
0.4496591810162383
110
0.7771535802046584
111
0.719567595298984
112
0.13740447131563602
113
0.3305617219571872
114
0.7674672726107473
115
0.9072970694633524
116
0.7613413744963641
117
0.4433357512814184
118
0.4649240772675176
119
0.8628042733937138
120
0.4781888798089415
121
0.7279368182377248
122
0.880302537036207
123
0.6991448643891969
124
0.8123485179829203
125
0.42834241963817843
126
0.4455427691444914
127
0.6032837817959852
128
0.7865970885389979
129
0.6001781080086535
130
0.26300327668777734
131
0.7734934099025955
132
0.6528825256628177
133
0.7552686896289273
134
0.5663686890073014
135
0.6859618457737546
136
0.4387607174417801
137
0.6719088418234962
138
0.595747972674673
139
0.6139205078900049
140
0.37252931107038384
141
0.5140546258888915
142
0.702184137127055
143
0.5850407738041739
144
0.6587660577208535
145
0.6995509231479742
146
0.06807427477628361
147
0.31677013384288766
148
0.2039756938355201
149
0.34880240733980705
150
0.624638889261458
151
0.7470642578109626
152
0.7267953048903514
153
0.6089535329382165
154
0.19401727546774178
155
0.8259017129480892
156
0.38027008977027366
157
0.19816037763089858
158
0.16197449268545475
159
0.36273234379134256
160
0.30283817723371387
161
0.520168704272536
162
0.5138408670653887
163
0.8454280952703082
164
0.6631529174353338
165
0.060287217286170466
166
0.23508773893812002
167
0.6783508373381375
168
0.5101701702185542
169
0.7903286082646489
170
0.4975660394212554
171
0.3059671446672235
172
0.3411897654508522
173
0.876743523823019
174
0.5256882571213048
175
0.24060492229366767
176
0.7430205791928158
177
0.8185260113877834
178
0.7170072666345702
179
0.6983021305436302
180
0.8012012849606724
181
0.8263343515277799
182
0.12531402735668087
183
0.1440503110266818
184
0.5616485710752988
185
0.8354348135905993
186
0.712052339418755
187
0.25276663147253337
188
0.19119539371935548
189
0.3890843598987945
190
0.3527012348625156
191
0.30655735067252915
192
0.6686147582065002
193
0.8586102360065009
194
0.4375643124053252
195
0.4318399584180509
196
0.1718620513315727
197
0.06996376941980784
198
0.907334987465276
199
0.8275215868390509
200
0.14687511501776682
201
0.6711811987704975
202
0.9562975212575561
203
0.3671534628731615
204
0.43666618911032506
205
0.341896705027163
206
0.29304298461350836
207
0.8154243848195127
208
0.8533648238716405
209
0.44041662161949524
210
0.8934899266675945
211
0.17308276858566163
212
0.5399853482571604
213
0.7959195937017918
214
0.7567278014621269
215
0.04320688361014115
216
0.3387564231917729
217
0.8851444906443847
218
0.8107356808765445
219
0.5545367771562336
220
0.7107303033408094
221
0.7338284287249041
222
0.5305616841847206
223
0.9603441810939549
224
0.8377356011884827
225
0.7074498322483495
226
0.2939628893968911
227
0.8982870540057596
228
0.25740505883444803
229
0.9015907643732635
230
0.5469615350177425
231
0.2739901646704009
232
0.09201504872209336
233
0.2889226329969676
234
0.4407770533670144
235
0.46356696572804407
236
0.9194766346164346
237
0.6075111187715079
238
0.6846125508198897
239
0.775378242595421
240
0.7043445841167738
241
0.7855323760130672
242
0.6314928022234395
243
0.2526121309011175
244
0.8709866860748643
245
0.6664502322616929
246
0.6819539971701235
247
0.5386506143234203
248
0.38835699340260976
249
0.628628411608793
250
0.49718239657123053
251
0.42877540472373843
252
0.8724652218611703
253
0.7187344306913109
254
0.3206605881418253
255
0.7247764044854578
256
0.555046083270766
257
0.5783094616181537
258
0.7898786254789405
259
0.23955975661784001
260
0.10638902736887267
261
0.8332278152633434
262
0.6546500703185776
263
0.5711386917926021
264
0.17693589529018416
265
0.22636416184433186
266
0.6987843669145317
267
0.8131614505803143
268
0.9262958308487341
269
0.7381680744725749
270
0.5875900748075683
271
0.8742023946547248
272
0.5731178638043508
273
0.5882403067238114
274
0.6073731153928561
275
0.34650304299911494
276
0.42075707324317485
277
0.8986127177433202
278
0.3477505893975581
279
0.6187354285143569
280
0.21738135419278237
281
0.793424365179457
282
0.48712688934739273
283
0.41883834662159025
284
0.37553153973428505
285
0.4777805885703181
286
0.7990173021468907
287
0.5502909190390591
288
0.5977261347573493
289
0.8142385222060863
290
0.8182561672028766
291
0.42813548462265555
292
0.8624039414022054
293
0.3306136733056168
294
0.9322758145389566
295
0.787419495068221
296
0.77827429730622
297
0.4105727899293714
298
0.4986566827111539
299
0.7027764413302909
300
0.6099892771820152
301
0.6975169439071262
302
0.813935664329907
303
0.4218459031191743
304
0.4771117470452931
305
0.22900231607817328
306
0.3994229731781478
307
0.853760414066391
308
0.37931152314436517
309
0.204263988633715
310
0.5084745360043239
311
0.6351228629898723
312
0.29548379956389614
313
0.7364061682827477
314
0.5845402995916444
315
0.2730726617110255
316
0.8787021692621307
317
0.780539264251957
318
0.8073687045416689
319
0.7621320952475482
320
0.7338190010907578
321
0.7962398207027359
322
0.8503201333264262
323
0.14419879997256083
324
0.28360516147509535
325
0.8240433850253459
326
0.385116295250406
327
0.343944134424311
328
0.8094312569099837
329
0.21553228475928354
330
0.5413284027013118
331
0.5390998551461481
332
0.5978057650857614
333
0.818029594837744
334
0.3039342860577768
335
0.31184674898710923
336
0.4704540227173848
337
0.6007777850582411
338
0.5036246626911282
339
0.7047657389300251
340
0.6595110499439102
341
0.6962460670371413
342
0.1692783378422144
343
0.5906411198564292
344
0.4744619263671224
345
0.6895058087089374
346
0.5675749024676542
347
0.6010274485635374
348
0.5263935699636378
349
0.5943510125621863
350
0.2812222119048751
351
0.6314666000241957
352
0.6431235703407693
353
0.19727378369318113
354
0.31858519099122995
355
0.736727627223388
356
0.8872584235904905
357
0.3927555905131866
358
0.12894043316040849
359
0.7763438562285169
360
0.6069167092923544
361
0.5122625216602704
362
0.849750057840723
363
0.6772093514331134
364
0.8576258258939189
365
0.2781274946190793
366
0.8076778871466808
367
0.2322157781512125
368
0.5198970779620424
369
0.17626514581590225
370
0.6299275748558286
371
0.7925698143541817
372
0.846497061089692
373
0.4328407878669709
374
0.6496853054625819
375
0.7898171148475126
376
0.15255162267094224
377
0.7377046270873748
378
0.5589162769835848
379
0.44005486797097276
380
0.4753475779861784
381
0.729572763813835
382
0.5798953212726002
383
0.6444507446059239
384
0.6313046105389758
385
0.7873044821189025
386
0.5306250773135243
387
0.2352569582088011
388
0.5430186491994154
389
0.5183575890304492
390
0.18984554493538333
391
0.7584663131849738
392
0.6510738002495362
393
0.775506902445282
394
0.20277257342853028
395
0.7494725595466746
396
0.8425367541306853
397
0.4530544245911245
398
0.7197300598641898
399
0.6820214139674028
400
0.18949354914281058
401
0.24015726312339367
402
0.5556224020976348
403
0.575536720076741
404
0.5115229690878008
405
0.5264485841870368
406
0.8648570387863421
407
0.6979029536606254
408
0.2346841686750081
409
0.5879455489801978
410
0.6117790968538773
411
0.6694629412333905
412
0.7934759185881
413
0.4787664216038288
414
0.836107433746998
415
0.40766557240711226
416
0.44895348776503746
417
0.4779806513843612
418
0.5191730180430437
419
0.8079381213244752
420
0.7175428078718078
421
0.6774152597115958
422
0.8144572076590432
423
0.5066066027982369
424
0.4215576965093518
425
0.49069436269134786
426
0.43790129844995884
427
0.17522337040763053
428
0.5284095671971184
429
0.7360060975556423
430
0.28759439750520166
431
0.2075198639417478
432
0.8973039505269378
433
0.02163883879866662
434
0.04771683243592292
435
0.9618954970663806
436
0.1558924413804552
437
0.9715879165898287
438
0.6197958334837429
439
0.6801453599639233
440
0.7117721954131316
441
0.8723487272147331
442
0.21271015134724439
443
0.8791081254991265
444
0.8864533963111921
445
0.9598772688574836
446
0.2794189713631361
447
0.49023870891926774
448
0.6963292873588969
449
0.815070048821213
450
0.6270246384691986
451
0.7470106021159987
452
0.855060449918349
453
0.7143692400090346
454
0.6500781999321842
455
0.6471535334271586
456
0.5664160370716014
457
0.9298437235764115
458
0.3253906226508506
459
0.6095374063324489
460
0.6208708400322066
461
0.06888403994026965
462
0.8665008463414356
463
0.7985594157637876
464
0.15542967953810813
465
0.7567413627363828
466
0.24051838118224772
467
0.9391990899349478
468
0.6250487402445108
469
0.7080975960333579
470
0.8131232123933576
471
0.7096618959285508
472
0.8510523700920541
473
0.8180971266303496
474
0.5179924328257071
475
0.8413908099272266
476
0.7473802401264388
477
0.4144484118556604
478
0.6433121680041637
479
0.35979589449979116
480
0.7018205427386321
481
0.7972755459190344
482
0.848485039791641
483
0.1694485254849373
484
0.5375104257723541
485
0.7991965275553911
486
0.5261570162947321
487
0.27278416563623126
488
0.5014321820634748
489
0.6473607372603298
490
0.8502762626698888
491
0.638123780469198
492
0.5029030963675902
493
0.8658254277832065
494
0.37856529511093173
495
0.4636527130279519
496
0.542584728986555
497
0.672776994130638
498
0.4994424199559148
499
0.09516987787708263
500
0.8331835286316753
501
0.3989209957147298
502
0.46584012676767994
503
0.3263413164493233
504
0.47067293407567534
505
0.5326822045143917
506
0.6365917632883027
507
0.6459847603926304
508
0.0843980272306696
509
0.9032397139962073
510
0.8831390963829328
511
0.2775919050155222
512
0.30479996486198857
513
0.5760962885632883
514
0.5942940313117558
515
0.7515053823209907
516
0.8565446640054836
517
0.7226165571213296
518
0.758752694130184
519
0.2336949852197425
520
