u
0.5727786745295145
1
0.6141166861954369
2
0.5840717276730298
3
0.25651067626895435
4
0.484455779356441
5
0.6632001733588597
6
0.5402058429235087
7
0.32216501105152784
8
0.32526330500295
9
0.3558489515300829
10
0.23468115446501447
11
0.4091876087167302
12
0.6028819878573398
13
0.6430770440309365
14
0.42562325419874364
15
0.6097031485125017
16
0.16547070883197224
17
0.4615501711461303
18
0.3918576816252256
19
0.6890387913464326
20
0.5867445738606417
21
0.3897041728339566
22
0.5590559698691816
23
0.7032568891290868
24
0.5808736533679595
25
0.7515141433958449
26
0.7954769266644451
27
0.3468813350875087
28
0.369920153256924
29
0.6932032270441979
30
0.4110508383257557
31
0.5865671795809446
32
0.413828960516133
33
0.387409381175713
34
0.3602945070455988
35
0.5456936618018129
36
0.7444899944635681
37
0.5156270659239882
38
0.4376721415155217
39
0.7445224378394822
40
0.5328378789390885
41
0.5382200408462567
42
0.34463757087278574
43
0.7700590630304346
44
0.47825408878943126
45
0.6567560552199129
46
0.6884468735163455
47
0.24142963869138961
48
0.5036950744931353
49
0.32157718206116237
50
0.32418075602936747
51
0.4876673548020249
52
0.5846974818305517
53
0.4053830057865969
54
0.3229264975353927
55
0.6881340792270839
56
0.6388757780831236
57
0.4373797322816724
58
0.478474960926181
59
0.602523496168826
60
0.3698387067640551
61
0.3360067822891249
62
0.6099103832946852
63
0.5822296885025956
64
0.7335456376963951
65
0.6386759504279019
66
0.2764257679764809
67
0.3803502601757452
68
0.3123450423645156
69
0.7447610205354727
70
0.5882626321152188
71
0.6530633850701029
72
0.5093397479931753
73
0.5727848200230196
74
0.49027823876187443
75
0.5638239267625753
76
0.3347744813647262
77
0.4575672719986226
78
0.6301870683939974
79
0.7339623459010498
80
0.5031817937357153
81
0.5450810526265036
82
0.48775196277540944
83
0.6549862298171506
84
0.6318642039391659
85
0.21429179468825016
86
0.3814705184779977
87
0.6382605784932287
88
0.5742094189719872
89
0.5405814555667273
90
0.627669808342473
91
0.5460583833925374
92
0.4280100760241159
93
0.5813929295816367
94
0.34461500689201885
95
0.5925614903984316
96
0.36845698430984813
97
0.6488195022537446
98
0.30994050427855785
99
0.6597904993933996
100
0.5676056261232828
101
0.5563866928438029
102
0.5731969008980541
103
0.5858991664286084
104
0.5445590294999417
105
0.37806300211393035
106
0.4615975385717208
107
0.45111022686775815
108
0.6892733148899324
109
0.430766098138288
110
0.5248790046508262
111
0.5457966127555969
112
0.38776474102376507
113
0.43515765251638605
114
0.43956955586331664
115
0.50213220708444
116
0.5180479999924437
117
0.39726120973558027
118
0.5676388836956207
119
0.5594230628208846
120
0.44690814794024375
121
0.5202667092166874
122
0.41334826429125254
123
0.4038637528889325
124
0.5043069706048959
125
0.48367762128922015
126
0.49202459559272516
127
0.33877649365301393
128
0.382949517412584
129
0.310618713582921
130
0.5220187810022836
131
0.35353859552941114
132
0.34380490452964635
133
0.3190289793071927
134
0.6324107760960431
135
0.6562572293106513
136
0.3993687410974807
137
0.34011656694118975
138
0.4227028179228045
139
0.5868698042161116
140
0.3519336679830068
141
0.5783832372561468
142
0.31637882194044786
143
0.7010365274061682
144
0.2560754693641968
145
0.44266948118231036
146
0.30505920101423967
147
0.31686836619325176
148
0.21526672331668645
149
0.15656230713999125
150
0.6065866305384707
151
0.541005864449429
152
0.5961304489008656
153
0.49885267145321555
154
0.2818222459978692
155
0.15422219617351027
156
0.1536083295514211
157
0.8381428348510503
158
0.5926547176872043
159
0.6242426881040927
160
0.13770556068662204
161
0.7453588089507054
162
0.5951836054586193
163
0.8384876343224918
164
0.5091603300990448
165
0.7805626856869234
166
0.12130952906061407
167
0.4670311351231098
168
0.6658473893169987
169
0.6980604807266156
170
0.6125401355408003
171
0.27971912179583297
172
0.4365993996803236
173
0.5725700665766538
174
0.16097750133738797
175
0.6956257983989483
176
0.510803611005863
177
0.47884591823438777
178
0.6808635064160001
179
0.8064510877135814
180
0.2619520090712087
181
0.46238069605447596
182
0.7340525739531585
183
0.46096503614065537
184
0.3626406833393499
185
0.5273566658073413
186
0.6873010442056681
187
0.4903174739182789
188
0.16746226562912764
189
0.48942669366056807
190
0.20487830620769043
191
0.5574843217614167
192
0.3287732767178712
193
0.4316412699497147
194
0.8231723441346738
195
0.6377953564755963
196
0.3464319010154936
197
0.6479905787948265
198
0.35174725375382604
199
0.6013636566277031
200
0.4855787007126808
201
0.3468473474504875
202
0.5594810872869443
203
0.8364784838970828
204
0.6325613564785307
205
0.34464014042422286
206
0.2632807521775997
207
0.598109948481298
208
0.6921947290768206
209
0.6536893707963538
210
0.3711349645152095
211
0.7591635263618078
212
0.5234910391896369
213
0.3548347219854345
214
0.44020030945213506
215
0.759326358816636
216
0.43981519365666033
217
0.3807756940644933
218
0.39611465351665975
219
0.36430001697863734
220
0.7845181841817838
221
0.35962757101766507
222
0.5397367436884968
223
0.3062161194877228
224
0.5307314114632311
225
0.39743263251063876
226
0.4803963201795464
227
0.42391578611563935
228
0.7418718272501426
229
0.39068677350864117
230
0.6047162562073702
231
0.7066280637567455
232
0.3438213605161773
233
0.4496139054570424
234
0.6055389339254198
235
0.4035573365554352
236
0.5985134413100266
237
0.5253613846396651
238
0.4522437071385641
239
0.23669124796351607
240
0.3903260894800349
241
0.6408315057267373
242
0.6943180746907806
243
0.19561640766972102
244
0.20386361856749716
245
0.5039296183274808
246
0.6224374323823948
247
0.3556590102442145
248
0.3537787926360225
249
0.5132526123303769
250
0.5891039328430989
251
0.5295399054524489
252
0.6551801359148947
253
0.5866806652570415
254
0.49983156384974087
255
0.6206446263231957
256
0.31797387393420784
257
0.46764432414731916
258
0.4338387495704095
259
0.5888921469330608
260
0.573540883608663
261
0.5960549324712856
262
0.5888553568847891
263
0.3134307378911086
264
0.41949459685694684
265
0.5356780928998591
266
0.6608280945660393
267
0.7170534319030395
268
0.636838829799791
269
0.4159372233036941
270
0.8055251688687532
271
0.4739175682645067
272
0.6329461489307373
273
0.3927529957270333
274
0.5080866860033029
275
0.5007475748138858
276
0.7680323777618602
277
0.47305563311057186
278
0.5929884555345284
279
0.7301516042812967
280
0.615260125333941
281
0.5307790085441888
282
0.5664622439608129
283
0.4317477466833453
284
0.6970399558341197
285
0.42243377945908517
286
0.7073682437472912
287
0.3935673864940504
288
0.5191640410130911
289
0.33739254646778966
290
0.40568244916908597
291
0.6155188950018723
292
0.4574423898807745
293
0.29828306794530113
294
0.5041071927071417
295
0.5766736928453262
296
0.6628431026603764
297
0.6666680928818391
298
0.45611738668836743
299
0.351597567489273
300
0.4920896346945802
301
0.6334750963608441
302
0.6703551259044129
303
0.5449394158081619
304
0.6865332973760138
305
0.547295148570057
306
0.7239870311451225
307
0.5534148153821529
308
0.2607213014933724
309
0.6956121456994896
310
0.37367805587298397
311
0.5344633934606499
312
0.4926594820508767
313
0.4835183056877168
314
0.5821978844443633
315
0.46849362584429494
316
0.45749432216256447
317
0.5633543596457691
318
0.4533233683585755
319
0.3227464043473169
320
0.3092617532522381
321
0.48548771184052164
322
0.30922554901234944
323
0.35224231174052084
324
0.5162768989444783
325
0.637873051200103
326
0.3149765953395711
327
0.5662632769755451
328
0.541207018302013
329
0.5835941136539192
330
0.4275819820788167
331
0.5493143384201253
332
0.4261105045716878
333
0.3918238604070237
334
0.3146170679932534
335
0.5417298871767078
336
0.7214069260879259
337
0.4772788491928061
338
0.44366828890760523
339
0.6034420949014396
340
0.6515600800875265
341
0.3341902380687974
342
0.3978745752991416
343
0.555608737732254
344
0.4428432246265785
345
0.3645120293844245
346
0.4844594805643933
347
0.4386283596371691
348
0.6132053380121583
349
0.4039505549778311
350
0.473123030125618
351
0.5848030475748912
352
0.4161608042688797
353
0.5828637008593825
354
0.5944034470347721
355
0.4493231870844073
356
0.6004453402019971
357
0.3706551582857637
358
0.5722442959078434
359
0.5593570341096873
360
0.3473942114113214
361
0.45873606197788935
362
0.5689761073718487
363
0.5486934244694104
364
0.33427906809205704
365
0.6148300604824612
366
0.49023609662994727
367
0.3809778040269428
368
0.5027520861718006
369
0.6174522993308429
370
0.4343574312046847
371
0.37605104646520676
372
0.5754591775877924
373
0.5492274996850918
374
0.40409311713444973
375
0.5670510014150456
376
0.45806330350035146
377
0.7057028572529297
378
0.3485350363979193
379
0.6992901557455251
380
0.5080074694119441
381
0.32512827987654525
382
0.5644862082348469
383
0.44059433259948183
384
0.3813211471348627
385
0.4812426885178985
386
0.6240083943024682
387
0.3628517516596272
388
0.5777212157337204
389
0.31139648973294165
390
0.5564119632497
391
0.5671814139093048
392
0.42885238325432656
393
0.39962832501412615
394
0.5582625567939163
395
0.5910541631796113
396
0.669577683617054
397
0.3862300296866681
398
0.6191094720917862
399
0.3169381489673449
400
0.5510093486070221
401
0.467512915117326
402
0.4959179904731239
403
0.5619806190877912
404
0.5878644479758185
405
0.4490584728089323
406
0.6322050873920617
407
0.4833568664744861
408
0.45452246518006284
409
0.4623900150368312
410
0.4184124988322445
411
0.5970581680583229
412
0.31572112797567015
413
0.35659780287432213
414
0.5232812803139258
415
0.7284611847798493
416
0.7904453533921244
417
0.2891358758457472
418
0.12424171151417238
419
0.8854968073793001
420
0.17209115493149987
421
0.6658733136875515
422
0.4268601528229734
423
0.4275166173965863
424
0.7109593883835414
425
0.32019934383052046
426
0.4717586221115322
427
0.6207130468388957
428
0.7419616693776527
429
0.7276272660570404
430
0.4659708250480735
431
0.40172888636870263
432
0.56107940048101
433
0.545232563871238
434
0.5724615574946184
435
0.6651768919910613
436
0.7599685002204931
437
0.6501761318411836
438
0.5205906857433529
439
0.573773826024784
440
0.44807155870032583
441
0.6369522347365365
442
0.42444640493449065
443
0.51362971041049
444
0.4959452870066851
445
0.268111264895816
446
0.608348624876079
447
0.6410443747485721
448
0.37469409702315915
449
0.6736601439976304
450
0.2648180378810859
451
0.752571560460022
452
0.45561968902060174
453
0.5319093614256603
454
0.6369694943010697
455
0.6884781868507382
456
0.4943408643541193
457
0.6723193039502728
458
0.4435876218060062
459
0.5152257958580411
460
0.511555716224023
461
0.3417790370729682
462
0.6110607652746102
463
0.4667379194575048
464
0.3931421032308648
465
0.5977085903306429
466
0.5041876915126514
467
0.452393002333128
468
0.3199061897514873
469
0.5500670810302277
470
0.44301204027345276
471
0.3752122810146268
472
0.4624098015291622
473
0.6660388558989524
474
0.6114487882421161
475
0.6426241421808732
476
0.4078250739707578
477
0.673230680164412
478
0.4784439794516933
479
0.5531763119485816
480
0.5177023859407979
481
0.4759433659007649
482
0.43318285716913585
483
0.238885081040355
484
0.5943599106109144
485
0.4184383393771029
486
0.5180135527634733
487
0.4191268343530585
488
0.46364006461856566
489
0.6257917535824901
490
0.3710178302264594
491
0.5451820673515897
492
0.3858269273578709
493
0.6262816718189913
494
0.6137199834909621
495
0.4205555991771128
496
0.39569462780010056
497
0.4913932384762994
498
0.3568602361515274
499
0.4706730092921105
500
0.5478789843640992
501
0.5654468391729812
502
0.3965676199213707
503
0.5112322630345361
504
0.360337072646027
505
0.30622178220621304
506
0.5446918397473755
507
0.500136050854699
508
0.5027819445447962
509
0.4111025517549108
510
0.6065843345953358
511
0.5719549119247892
512
0.4935754090714326
513
0.5769223085800185
514
0.4094756032160071
515
0.2696463133382917
516
0.8177333254206862
517
0.383882546962238
518
0.46857872441334913
519
0.43436537251960455
520
