u
0.158040398812488
1
0.5177374489129455
2
0.5510567369231855
3
0.20791743277190372
4
0.7093907600513544
5
0.3801697909448837
6
0.6590086363584775
7
0.3309879873260752
8
0.12577690823967216
9
0.5870487159273008
10
0.32719609182871756
11
0.8391753474370824
12
0.2694647227541026
13
0.7522796094516557
14
0.14695194961838948
15
0.7132753706752333
16
0.3614896652153507
17
0.5384262749056696
18
0.4520573571759776
19
0.7977654313164355
20
0.32364151242688216
21
0.6450820797391547
22
0.4540209292683936
23
0.8505063442953585
24
0.6822984778846837
25
0.8004197823078311
26
0.7487377940966925
27
0.5108504156225762
28
0.4911364646382786
29
0.5597032101632429
30
0.294056212127619
31
0.2588013566625074
32
0.4070375818229146
33
0.23872939097844117
34
0.8405501610190503
35
0.3387689950918475
36
0.7750112659549335
37
0.23309254211804814
38
0.4204888942373936
39
0.4051134703650353
40
0.21100889720889823
41
0.5162952893756347
42
0.4879330769623607
43
0.5541474377436977
44
0.6726087199892636
45
0.29338051323088427
46
0.5697393150574105
47
0.5082024151325774
48
0.12985083080721047
49
0.2683359115318734
50
0.446547959268488
51
0.5234188566637902
52
0.6188299980479159
53
0.640117246437422
54
0.39623299597669576
55
0.3445206678989585
56
0.06960117701972113
57
0.07829022582901987
58
0.8615368855465515
59
0.6121957444568957
60
0.26455996396251774
61
0.06552445925881022
62
0.7352068492573041
63
0.5147079238648176
64
0.42679565284737947
65
0.6212051383859938
66
0.054576830606737625
67
0.11057074244055953
68
0.3822890165152515
69
0.9113952909970859
70
0.6030693550237639
71
0.8262957745171112
72
0.2563725997437929
73
0.5548141655754284
74
0.8961693122348215
75
0.7169123199944966
76
0.466751886993193
77
0.4455626154343177
78
0.09112833342897926
79
0.5124496878224425
80
0.6112535509402215
81
0.25014067420926517
82
0.15726610811340747
83
0.8505900717876795
84
0.813671207475
85
0.18680916269672743
86
0.2343197454600246
87
0.5019270541922558
88
0.1324566240847355
89
0.5881705907689511
90
0.26134735084853905
91
0.5978685521669252
92
0.16907665668608074
93
0.6381453675628487
94
0.738318741014921
95
0.6132742523359457
96
0.5785730357646351
97
0.6555525835264621
98
0.2600270381948444
99
0.7244739357262564
100
0.8805899609316652
101
0.5447000036494212
102
0.5018328854848306
103
0.6591618131113647
104
0.8363725919970002
105
0.1406188302057238
106
0.1663459658981186
107
0.6107507079517288
108
0.6500647492821336
109
0.268551701755632
110
0.576253220384184
111
0.45355341872303595
112
0.3856704473128852
113
0.544698708446279
114
0.4983727084558336
115
0.14552554091583644
116
0.518631588657204
117
0.748431250891545
118
0.8208265912792638
119
0.5155079959292875
120
0.5553527560674176
121
0.67426910513392
122
0.23471217294172045
123
0.4578768321560544
124
0.3383312761050262
125
0.6951885616344123
126
0.4151819638865256
127
0.2567378415924531
128
0.5759821212462193
129
0.29759495574196737
130
0.16175854971826362
131
0.3468113740313184
132
0.493403741733356
133
0.23036298342128095
134
0.8009925489162885
135
0.6607335832406925
136
0.4185298733729663
137
0.08894735609086991
138
0.5350329107593345
139
0.6808154174844253
140
0.6125959027005022
141
0.1717240772055392
142
0.75452741982302
143
0.8014677138154015
144
0.22082137701783924
145
0.5048519017008113
146
0.4016951463055441
147
0.8169096910079565
148
0.8920216001950503
149
0.6788328502333691
150
0.40589403687383385
151
0.1174478776923349
152
0.4196984410227409
153
0.213227579816771
154
0.6058198642335657
155
0.12550499307593066
156
0.37636557456172043
157
0.790083333193234
158
0.675889811638589
159
0.5253589809233864
160
0.5846282595167016
161
0.4500291189635156
162
0.2202286294712274
163
0.5011000152088225
164
0.610959995674341
165
0.8378149359104633
166
0.28174110957299703
167
0.3176071710755232
168
0.2783709512275992
169
0.6227989134042301
170
0.7193605110985059
171
0.22043056694718804
172
0.3953381727408683
173
0.4614436977204983
174
0.19223502070312903
175
0.16318902994624834
176
0.4402394549329096
177
0.45767499769948145
178
0.7629083915252609
179
0.8772407759188072
180
0.23178476573798784
181
0.3417282040080816
182
0.3242179613651375
183
0.8218440967272361
184
0.5756010182719135
185
0.38865945591017736
186
0.725438615063822
187
0.6949218819791319
188
0.3710707984522663
189
0.24224540493649002
190
0.09171253895784352
191
0.4266256479044409
192
0.4303519920702132
193
0.2608216169351799
194
0.8115149727188841
195
0.3738771061600811
196
0.3494841816194418
197
0.6377596248151627
198
0.28766520453358085
199
0.8838343382547765
200
0.29983786064271806
201
0.6231917270647475
202
0.7389247740012066
203
0.9081982450462621
204
0.908345742191764
205
0.4089360820657697
206
0.438257107251772
207
0.8263342065242719
208
0.3660111022713388
209
0.5452764731293108
210
0.16786591384215716
211
0.5707705404725624
212
0.6752805391888448
213
0.43401829343530757
214
0.49340688094389384
215
0.9063755990551655
216
0.44517027692034283
217
0.32915023853296305
218
0.27676395030114026
219
0.13994620874575778
220
0.8116284437713488
221
0.783878730780965
222
0.7316056168191623
223
0.7170636881199844
224
0.7423934378888449
225
0.7148451076259436
226
0.17455625948861217
227
0.44173548458609957
228
0.7609451913193533
229
0.34197151609720905
230
0.4798126808727534
231
0.562988991876008
232
0.2920658058584953
233
0.5574885522679922
234
0.5182565384916001
235
0.31172692030312765
236
0.7588833905574568
237
0.2860553286805651
238
0.0927198903290623
239
0.45378419993319646
240
0.6690604559081832
241
0.5873330884700579
242
0.7809861668625455
243
0.0698557456016072
244
0.29363851122745166
245
0.2221028307701401
246
0.4366586718728199
247
0.28619524377299693
248
0.22872682280114073
249
0.480999944158443
250
0.7074590632939789
251
0.747276372816944
252
0.7693311856900829
253
0.6022300200637849
254
0.3092935449019853
255
0.7812382289554243
256
0.6705764852751778
257
0.5072352041739465
258
0.7249008489923535
259
0.25793873643904863
260
0.20812451050073158
261
0.7476297512560137
262
0.7097996897105868
263
0.4798737717304159
264
0.5881397572691975
265
0.8057809363438495
266
0.4629767224646151
267
0.32086329474837444
268
0.1555818948175488
269
0.47520485807842355
270
0.7716646922860673
271
0.6315978013697277
272
0.6242755987941634
273
0.37054361835142074
274
0.35504239283792216
275
0.5083418179349991
276
0.3306711896220087
277
0.21115284887254335
278
0.6736768605248133
279
0.7645838720545083
280
0.6628322749395975
281
0.3732773272570634
282
0.805232312657114
283
0.4396332527310291
284
0.550233302796627
285
0.8114153393997511
286
0.6986661555475763
287
0.24975140152731545
288
0.2590029838425554
289
0.3119822061260469
290
0.4380650977657896
291
0.7763291166852442
292
0.26386635206326964
293
0.4125092547911096
294
0.4628947081654389
295
0.559420664439245
296
0.6926863477717983
297
0.43282038787179433
298
0.40975795082644256
299
0.1916446576674287
300
0.5816957413462638
301
0.6982026151349687
302
0.7738142855600127
303
0.6818777766472713
304
0.6765979752507705
305
0.43479650641254913
306
0.6780483616122527
307
0.31528278545391075
308
0.3189907167109131
309
0.7996133015412361
310
0.30472149115352015
311
0.4106371738498439
312
0.5149049359857233
313
0.3882670085756821
314
0.7894174435067672
315
0.3038855936725133
316
0.5667868175391967
317
0.6179284352631392
318
0.4032996718251947
319
0.3686938581932681
320
0.3863148058267475
321
0.5515557234763837
322
0.23239894200555272
323
0.5910622447924204
324
0.41160142887752293
325
0.559608765064483
326
0.30888159021832423
327
0.37857799038914836
328
0.30358607993238396
329
0.523248434972235
330
0.34729732475759956
331
0.3689363283939867
332
0.40575542399982084
333
0.3832942873294678
334
0.46756922127163947
335
0.2178872129985785
336
0.7314553867844581
337
0.4145493838201176
338
0.46066921834346536
339
0.46967669210960505
340
0.5584155055028039
341
0.4031512659303256
342
0.6291178892912636
343
0.6717709276030039
344
0.5951824173349045
345
0.5924825629273025
346
0.4819521191164872
347
0.2529307628447671
348
0.637471136330331
349
0.5163641533273039
350
0.46771834950609736
351
0.772300520804456
352
0.37321968240358944
353
0.6911577184978711
354
0.7493370573233149
355
0.5429914922875771
356
0.5409845477602127
357
0.4035253222839943
358
0.7031500551223082
359
0.6804761557278287
360
0.4628794622492069
361
0.5669622052256758
362
0.5792272904798416
363
0.16877336845484017
364
0.6080015955607131
365
0.5128512946470273
366
0.6145418057304936
367
0.28317401202579356
368
0.4935858813501285
369
0.4789287545972495
370
0.328427303556714
371
0.6163826441545156
372
0.4104152583400791
373
0.59130391977964
374
0.4033557015374463
375
0.5760181485409182
376
0.7201341073089927
377
0.805280085569587
378
0.49380700682456935
379
0.8892227401453949
380
0.6226897295234564
381
0.3820777995892857
382
0.6460609201006983
383
0.5990982449136357
384
0.4069407300240343
385
0.7211580149162761
386
0.87598658637116
387
0.642762109572129
388
0.635583271252853
389
0.4541932348787187
390
0.3191477769904052
391
0.32319869861535055
392
0.7521703061416762
393
0.31525974214622615
394
0.5837016213521432
395
0.3138028572522434
396
0.5423004898706867
397
0.6391122223529356
398
0.5693961990837103
399
0.12861001187958915
400
0.580730408778792
401
0.4469522698868726
402
0.5101025938395473
403
0.4713545067419748
404
0.6446816480241252
405
0.5469115981351618
406
0.7546751197984147
407
0.7922228852976873
408
0.5996836369031497
409
0.4639449009617282
410
0.633638645682736
411
0.6275747551893519
412
0.35035078369729916
413
0.6148905771322584
414
0.8721054421822287
415
0.11707368690751067
416
0.9252039576316448
417
0.04463591231214115
418
0.26619619369463293
419
0.9529006042274999
420
0.5296244583758882
421
0.8775645444278559
422
0.48663902641012285
423
0.8014603711470142
424
0.2675169939341365
425
0.5555967552306003
426
0.7705448844817564
427
0.4334661290286514
428
0.4699356171595192
429
0.16086272456234843
430
0.8197807066191033
431
0.6186607126200125
432
0.7040509535821521
433
0.5359774462883838
434
0.6803251961546775
435
0.5772324307908054
436
0.9099845672489993
437
0.8570378341820742
438
0.81604759913862
439
0.10574036180460054
440
0.45853850315852657
441
0.6770346917327992
442
0.2939763819169125
443
0.5622960249299893
444
0.5576880905596047
445
0.09684700054052363
446
0.745668644765523
447
0.6897635061536282
448
0.2891664405880905
449
0.525223615315751
450
0.30780644515015204
451
0.8770577478108621
452
0.153528765733131
453
0.3813756206187021
454
0.09743713635881227
455
0.7978571508402403
456
0.5115322224998285
457
0.7794459754765994
458
0.4897880112795512
459
0.6576272371294527
460
0.1739993860804082
461
0.3232274463708614
462
0.7133337994917915
463
0.3901739252237446
464
0.27853371581261915
465
0.5725261653614386
466
0.2247931884419697
467
0.15749460967042528
468
0.2812031671450218
469
0.6967814187608348
470
0.6494356181873608
471
0.4078090779256508
472
0.4734374423517754
473
0.6122352901313156
474
0.7419516700426398
475
0.5016217757385385
476
0.4316051438859927
477
0.8616666394235639
478
0.5870697814501574
479
0.7473443416167304
480
0.679041080252419
481
0.39794251028735816
482
0.3811294079494509
483
0.06425242822727208
484
0.6250521543025713
485
0.5588333687298017
486
0.6585482903821006
487
0.514645245088194
488
0.42334697599203414
489
0.6054223066654585
490
0.15863293106733045
491
0.643432066702724
492
0.5246892933320563
493
0.7621389926712884
494
0.571139799638003
495
0.21491597370133206
496
0.2388151002026676
497
0.4553369102125618
498
0.6113287324165916
499
0.4648269541477812
500
0.594670380683071
501
0.6980451342098974
502
0.40036778607728873
503
0.7448123759539558
504
0.8097860124132789
505
0.35026759196570195
506
0.14304821794920058
507
0.4784606561003918
508
0.49272560371942353
509
0.603415569108019
510
0.5983520522987619
511
0.6621750928739383
512
0.2520704026874105
513
0.6564661692897003
514
0.617274530338921
515
0.20979613038578304
516
0.6439791152411936
517
0.825880503203001
518
0.7388268731799279
519
0.45017390182446493
520
