u
0.4723920723817244
1
0.5040652335379934
2
0.5348449031318278
3
0.35898002122822237
4
0.5247098832234451
5
0.5712493421358822
6
0.6027510042729696
7
0.48067634722715646
8
0.4937952048800247
9
0.17255459828512293
10
0.5810645609953061
11
0.2790568668492541
12
0.7705388252702363
13
0.5887537653788659
14
0.6278982202868109
15
0.6566947135890917
16
0.4735568147749984
17
0.5025935487596901
18
0.5404158268281338
19
0.5840411918119308
20
0.4707655105725665
21
0.4663167308959223
22
0.5156865788070222
23
0.5893838916326093
24
0.5284960021909488
25
0.5313474613966094
26
0.6800968041368469
27
0.4016026470992062
28
0.3844600435785677
29
0.5255558735448314
30
0.509793713451316
31
0.566555110836506
32
0.4343379013303886
33
0.49251361274912864
34
0.36135570625531876
35
0.43624606890232004
36
0.692467842865745
37
0.5972636449912685
38
0.5253977810813033
39
0.5097358491614659
40
0.5549612073783463
41
0.40741930553757716
42
0.6444194644099002
43
0.5747771604273337
44
0.5306561860848089
45
0.5208430136818543
46
0.32327525606072016
47
0.43512730376201436
48
0.5620125962129057
49
0.5492617883057695
50
0.49833067826065924
51
0.5574787755093018
52
0.5405841551276127
53
0.49271178223757534
54
0.5082422122552664
55
0.456109034517549
56
0.6029746095976303
57
0.460567371719903
58
0.6267010647218301
59
0.583128509081572
60
0.440538624928271
61
0.49562103693120735
62
0.39990583940574936
63
0.27960970110185435
64
0.42132837184544586
65
0.5693563728563863
66
0.2066837943857519
67
0.6042104610907797
68
0.35820245733437506
69
0.7984585655029139
70
0.674455265939747
71
0.3520199805091111
72
0.42200532235594757
73
0.41156062905635765
74
0.35784648548737313
75
0.6115546679603638
76
0.5098614471305555
77
0.3914316910189705
78
0.573362602343159
79
0.6767441583756751
80
0.4287250493864852
81
0.4953440585523702
82
0.558612235665063
83
0.6681750752016826
84
0.5322314039856298
85
0.39006181579314736
86
0.5140287858558789
87
0.5425105681045048
88
0.5011637633125022
89
0.5381673139667922
90
0.42355905417695194
91
0.5083200203554935
92
0.53259687178307
93
0.4498467672942328
94
0.5411423493159458
95
0.5812788608694448
96
0.5323429969775305
97
0.39683569560292775
98
0.535312529426329
99
0.5268106355031938
100
0.5714299884381644
101
0.5392522604189148
102
0.6067311052481399
103
0.38270916403926125
104
0.4673116700460461
105
0.5294874517374385
106
0.5392529781770997
107
0.5068316224657864
108
0.4324695074013058
109
0.5504615458100566
110
0.5195437157206603
111
0.4743294137401869
112
0.529421918672338
113
0.5585542450099864
114
0.5180473765719772
115
0.5458916728318459
116
0.47178315129097403
117
0.5194223415428856
118
0.555409553772247
119
0.49560692125155636
120
0.4264007572603418
121
0.4675039393180571
122
0.4189893954518499
123
0.5252087680628402
124
0.25868791629518756
125
0.6315816755563957
126
0.6453336816121186
127
0.5138537677010158
128
0.5181400796168995
129
0.368888806487167
130
0.41957684608246354
131
0.5718816057826748
132
0.29458951521864946
133
0.5871218604449575
134
0.30131691959930923
135
0.6587325863828131
136
0.641891938079229
137
0.4654529182369687
138
0.47525013859215953
139
0.3780120868236814
140
0.5458546477161985
141
0.41380683736845975
142
0.3859519966950031
143
0.17984265104578823
144
0.8122396451912818
145
0.4655795594036084
146
0.44803432805154475
147
0.5756710067672889
148
0.42506234179801655
149
0.5670928245162358
150
0.5349900625618639
151
0.6042750475291057
152
0.5288217641287658
153
0.5447159183969944
154
0.5686883174847328
155
0.33242162524697455
156
0.4415516680602342
157
0.5378424204703462
158
0.5070102445715335
159
0.5011212926174013
160
0.6174247176578332
161
0.4676815494976762
162
0.5447523953819466
163
0.42602173035481306
164
0.5448210295368403
165
0.4923542555323034
166
0.47332758565325794
167
0.5172427731619759
168
0.30540807594433683
169
0.47600785217535657
170
0.5587126335391922
171
0.40757061596245087
172
0.4667602169209094
173
0.5100929953339435
174
0.4860862045840455
175
0.30474197257245583
176
0.608014738192155
177
0.3249080694988857
178
0.45238958757426734
179
0.36596702866375946
180
0.6354418096351354
181
0.4414351847901437
182
0.5845342862729385
183
0.4043224916213684
184
0.26347841628853047
185
0.27739873823062444
186
0.8082652903835241
187
0.5281429483293021
188
0.5866835519635524
189
0.4623514722632747
190
0.34985334117356615
191
0.28639957847488495
192
0.4771819763631864
193
0.5441387013804153
194
0.43260253836565815
195
0.16278120629385134
196
0.5040615087393567
197
0.6532995104389213
198
0.5173836263091599
199
0.3372619680607558
200
0.2683455133475363
201
0.6484715067362705
202
0.5785848975351386
203
0.23967986424043358
204
0.3889001640414137
205
0.652051328403442
206
0.7335957736279212
207
0.7338107729022142
208
0.6890309453881329
209
0.544124913340124
210
0.3418871245212562
211
0.5058352409845287
212
0.5270857322014515
213
0.6513906872100031
214
0.6410385805116168
215
0.5730615044549038
216
0.30989138978888175
217
0.5423431420852288
218
0.5598884059215501
219
0.5887248134482315
220
0.4739878841004268
221
0.5531907317279814
222
0.39381201426830653
223
0.5217354161950081
224
0.680772112206308
225
0.6651563292900826
226
0.5087644354306462
227
0.5848996391393959
228
0.3881123579662239
229
0.5227677681232364
230
0.6179817745790767
231
0.5454013477633841
232
0.49797805580231985
233
0.554448221777783
234
0.3390059268942172
235
0.5241465294519289
236
0.6285291443822895
237
0.5777805059625742
238
0.48581124724672464
239
0.45835543276381074
240
0.5793822220400731
241
0.3449999740293204
242
0.31754058794867107
243
0.2910866727591629
244
0.6713098525122699
245
0.6624702829357889
246
0.4487037870354229
247
0.6633627267480849
248
0.4356429998682385
249
0.5858991044430121
250
0.49490698167853897
251
0.6041470338283415
252
0.5162884281877895
253
0.4842815415157391
254
0.5644605147642494
255
0.48283459815632945
256
0.5102036294212456
257
0.5389382095624888
258
0.574275407734276
259
0.46343472994261264
260
0.2765177158356389
261
0.6169985105976222
262
0.46449397386768965
263
0.6405924635325084
264
0.4439123133542459
265
0.4766966205867828
266
0.5600026855468152
267
0.5801783055484332
268
0.42191653862847195
269
0.5626482747049674
270
0.5327416507174695
271
0.560852832198172
272
0.5040952720277758
273
0.4635423025694265
274
0.4769597235157094
275
0.5101453022626655
276
0.5311935645747159
277
0.3865377393692606
278
0.6365663502924118
279
0.5324531595375198
280
0.5295296244847026
281
0.4414885016121142
282
0.33663526396524185
283
0.5237577530353066
284
0.6128537937820168
285
0.5176302101918486
286
0.42346077142686556
287
0.594240104511241
288
0.5055975630892005
289
0.5518956380711738
290
0.4487838567691759
291
0.49204557737887405
292
0.5563659329678846
293
0.46958664041735987
294
0.4294363024472327
295
0.37510466506394413
296
0.5569144070005928
297
0.5627667430454205
298
0.4289827210757674
299
0.4980212161621798
300
0.4812384951710789
301
0.470534998241906
302
0.5421689550480195
303
0.6075311533704348
304
0.4439362790357864
305
0.4965101326869863
306
0.5359276356385666
307
0.2919084791772162
308
0.32188187778357014
309
0.7086361433574315
310
0.4934148888651176
311
0.40553661498014315
312
0.5517972206179492
313
0.460891196362725
314
0.37062035548211947
315
0.6113192489684406
316
0.44542288747153713
317
0.6520171171403004
318
0.44144921254220915
319
0.4824391165332446
320
0.4499634460023727
321
0.5505304899106113
322
0.45149730049407244
323
0.5274700800462929
324
0.4452422784470922
325
0.5748612104412535
326
0.5729590466049193
327
0.47015763497514573
328
0.37774163916671993
329
0.541384922033964
330
0.5460011561195448
331
0.504148500769053
332
0.5473972927131442
333
0.5087908575528257
334
0.49329088321974407
335
0.5258016345081384
336
0.5547512983341467
337
0.4995091684956224
338
0.4025892332260656
339
0.5977413628636143
340
0.4887216939577937
341
0.5333690877589238
342
0.33690875885542493
343
0.47929240337608486
344
0.4635360005012678
345
0.3994969781777562
346
0.5088984628941179
347
0.516804467735709
348
0.3398544958014463
349
0.41467354181711
350
0.6383676437847164
351
0.38362172968885
352
0.5550157048468017
353
0.17358120918103848
354
0.6257940902221493
355
0.6999755971556638
356
0.7133094827610048
357
0.5959068328931797
358
0.4884211169518721
359
0.5449305235625013
360
0.5198646277130123
361
0.5959857395998299
362
0.53206907542429
363
0.5057055166066238
364
0.4240190254215654
365
0.6056590331038137
366
0.511879712381631
367
0.5977833365784616
368
0.4964362273286398
369
0.5827067445535143
370
0.4598284622180576
371
0.5468388057588727
372
0.4416610243495562
373
0.4504835192230847
374
0.45790685199711184
375
0.4577510116970174
376
0.38878566774423107
377
0.6750229349931135
378
0.5316710641074424
379
0.6530821433645745
380
0.4798102692608455
381
0.47357128109980695
382
0.4934031635448913
383
0.450661828196576
384
0.5897715716532164
385
0.3865595505759352
386
0.4810547057033804
387
0.47942512767657086
388
0.5711922149683544
389
0.594090438482391
390
0.4995373119432108
391
0.5056511403151319
392
0.5511092461944855
393
0.44052288414149554
394
0.40633220228442135
395
0.5544231377961896
396
0.5512969655175227
397
0.5481282156699007
398
0.41680486006355044
399
0.5071853738716001
400
0.5163831016115812
401
0.4643335231474853
402
0.5407918042947084
403
0.5010611887126195
404
0.6037280005962694
405
0.519254389435552
406
0.5328523603133435
407
0.547717301929579
408
0.5281801043105521
409
0.49807158675069513
410
0.40334037955966084
411
0.47832954395458344
412
0.5686344331631636
413
0.5668027586702558
414
0.4920475981534451
415
0.2237893246658555
416
0.3589431877020718
417
0.11595607866738028
418
0.08063330124771029
419
0.8898028077618217
420
0.1747057397031189
421
0.9136080011419897
422
0.3585665238698351
423
0.17957696049893143
424
0.5606416508221844
425
0.6697088216993864
426
0.33941221046812803
427
0.8076290337408396
428
0.6756516782355099
429
0.7652643038097224
430
0.2414911589980973
431
0.5712029280109664
432
0.28233475767841765
433
0.6249952925540665
434
0.5601591711375307
435
0.6577806910358446
436
0.6619362901697459
437
0.6213427756673036
438
0.46839239637187424
439
0.3412524546614718
440
0.6034932531468894
441
0.5660825026861113
442
0.40130434275592297
443
0.4962929288839053
444
0.47735480134600455
445
0.3081726709934578
446
0.6357217734430651
447
0.6667295258807482
448
0.45284630923104546
449
0.5401532732770892
450
0.3541104034144684
451
0.6943653686587727
452
0.5349706807474663
453
0.5761766628003245
454
0.5771915518823548
455
0.5694010123182844
456
0.4765406451528166
457
0.5025936553397647
458
0.5588686538939307
459
0.5406213448188165
460
0.5132635516213668
461
0.4630049460758214
462
0.5315400907349378
463
0.4523941858602499
464
0.585083994551076
465
0.5418867324669101
466
0.460186221647032
467
0.3489766841255615
468
0.5300899244444939
469
0.47798943041607295
470
0.4412909537904483
471
0.6296077175581111
472
0.5254404943854643
473
0.5224429468336551
474
0.5178497145802804
475
0.5132667656760692
476
0.5132585358155023
477
0.4858296964418573
478
0.48428387002304485
479
0.487313666808474
480
0.5132900177888743
481
0.5163307292027858
482
0.555520154256711
483
0.473728445510708
484
0.5774631631774894
485
0.522226589134003
486
0.4935142743758341
487
0.4527830037422089
488
0.544846608447621
489
0.48593156577228697
490
0.4333366817589468
491
0.5147647692011593
492
0.47670177576220674
493
0.6019151766248713
494
0.5101422181704367
495
0.47535209371588594
496
0.5283005265109232
497
0.4889656064233902
498
0.427497507455641
499
0.4052846047217362
500
0.5720278978702793
501
0.44486507291323296
502
0.5163738689521974
503
0.5880470900023493
504
0.40541303505768644
505
0.4582817300967842
506
0.3435761197810295
507
0.5831256601898394
508
0.5974912252559212
509
0.4627366421598952
510
0.6196851584583418
511
0.47972338338313303
512
0.3378530708610037
513
0.5363524687329676
514
0.40376884891532727
515
0.38725476912329543
516
0.3651184944752617
517
0.3367766117662983
518
0.5392300443035951
519
0.6141809554465324
520
