u
0.38955118106592945
1
0.5519897540612216
2
0.5827199731915612
3
0.49292785476256645
4
0.4631453930775985
5
0.42081659199091254
6
0.5290940463900698
7
0.6033612320053383
8
0.501605878868042
9
0.39504403499290275
10
0.5196829121246412
11
0.5621198980009323
12
0.4706204152543002
13
0.45386629170882165
14
0.3167196813261741
15
0.5179904425918309
16
0.6693945774329378
17
0.5343554698264923
18
0.5894148053347401
19
0.4096299761800807
20
0.5660676825329416
21
0.6468471716895972
22
0.4826510313680554
23
0.5027807279841279
24
0.509509737288729
25
0.5290050852197892
26
0.5143463044825732
27
0.564284211380541
28
0.5329465084177221
29
0.5555445400535551
30
0.4942555392209924
31
0.5488305228836946
32
0.5158765087357924
33
0.5708227897564699
34
0.5465236110010658
35
0.5079752433693573
36
0.4800225336295791
37
0.5417242226108591
38
0.5700114589959792
39
0.4937289386871538
40
0.5290947687139188
41
0.3156796709605959
42
0.43823756576612766
43
0.506261305463501
44
0.4936701936097143
45
0.42183524557307406
46
0.44628123661611246
47
0.5304410890205652
48
0.5225747615302206
49
0.568178733554927
50
0.5473103374268172
51
0.4853225070270243
52
0.541324549386794
53
0.5115659735683139
54
0.5062006231859709
55
0.5316967205623033
56
0.5357295093274744
57
0.5008217442110607
58
0.5846379743427237
59
0.548692138819215
60
0.48730202178379717
61
0.5422495609323349
62
0.4546830831927465
63
0.4348943170678833
64
0.41859508740819756
65
0.4866147105413873
66
0.3324788956872703
67
0.34064550231464513
68
0.5358198785680207
69
0.5813121072108184
70
0.5284587349745686
71
0.4571263288149534
72
0.5356699693949688
73
0.5224508635071697
74
0.4317784285915636
75
0.4356516461138221
76
0.5214161145583209
77
0.4695144699852586
78
0.5069459549646508
79
0.5649109199003371
80
0.5680546758312282
81
0.48171249829596813
82
0.51583703685983
83
0.5443319332005763
84
0.5347338229920214
85
0.5661831736150749
86
0.48306161102272827
87
0.520366319553896
88
0.46887420386203654
89
0.5503207045242098
90
0.4194901412586538
91
0.494301701623219
92
0.35482792775000255
93
0.4584643890635336
94
0.5558158290604331
95
0.5307457441054323
96
0.5466487412771367
97
0.5228591379259474
98
0.5387674409247806
99
0.5209720025058027
100
0.4925269875284531
101
0.526845700249372
102
0.5203071385409599
103
0.5155617620252237
104
0.532558329924681
105
0.4649494866069573
106
0.547693166901541
107
0.5195672022859996
108
0.5207090771227078
109
0.5072256780012453
110
0.5276476087147103
111
0.557539797250397
112
0.5343682523289155
113
0.5365858039891126
114
0.49379595665594717
115
0.5215496393996683
116
0.5518099714167023
117
0.5036001701183201
118
0.5030237519328025
119
0.34684484937084664
120
0.510017598344289
121
0.5146876334774352
122
0.5123496816988579
123
0.5256234024952606
124
0.4955322206743764
125
0.5140402592609857
126
0.5698443511487934
127
0.5104827380072018
128
0.5649696180812884
129
0.5229494271146783
130
0.45286256448420414
131
0.5207121226378921
132
0.5172604059853484
133
0.4932704052969323
134
0.5217934222876789
135
0.46594507182918693
136
0.5229391392570041
137
0.5409976084220466
138
0.534109270210356
139
0.5204924640829224
140
0.4938694579973543
141
0.5182072709347367
142
0.4769090809794325
143
0.5468431610576457
144
0.35898640130144166
145
0.5239394795287972
146
0.5397729220046852
147
0.5125774569705925
148
0.5165239563863722
149
0.5568066548508231
150
0.508536104220542
151
0.5057175449394371
152
0.5287254982655722
153
0.5068164516513985
154
0.5336515957933187
155
0.47376159606561247
156
0.4967072326261281
157
0.4882904223684309
158
0.47930748082029484
159
0.5331294313050601
160
0.5385866659029835
161
0.4832953967788418
162
0.4771280220013201
163
0.4029369967446913
164
0.41977499715545846
165
0.4684030926457432
166
0.5165686914470078
167
0.5159785321562756
168
0.320404442052633
169
0.44329841824439536
170
0.43656747161925297
171
0.35580541946113114
172
0.5465252738966596
173
0.42849973215438364
174
0.6650757265539283
175
0.5357020904874206
176
0.5248991650905916
177
0.5070527122970158
178
0.47598711749022543
179
0.49265805119363604
180
0.40526811503106636
181
0.5175254422250012
182
0.48684035767203837
183
0.4810376472234136
184
0.411324612019147
185
0.5042681120694759
186
0.5408444708149204
187
0.5424254897722554
188
0.5717390561069167
189
0.5185766391817364
190
0.4473331303290686
191
0.5535084350221884
192
0.5639635000464422
193
0.5201548910890552
194
0.3864371596291609
195
0.5282873840392119
196
0.48920949822726856
197
0.4501952742022723
198
0.5117017462153992
199
0.5070788810463613
200
0.2955904338734358
201
0.5378072176103551
202
0.618346858382773
203
0.4552158989472211
204
0.4452341345665137
205
0.5675782921768803
206
0.5525269770353658
207
0.5358292405371652
208
0.7401517376414002
209
0.3812182761743487
210
0.5109193468762293
211
0.5493549973052395
212
0.5250176267323431
213
0.4904697390662593
214
0.5232970974613906
215
0.47464950635445435
216
0.5401492884821779
217
0.4673645696938287
218
0.46617076297336085
219
0.5424394608558851
220
0.557839320864085
221
0.5481955218648995
222
0.46980090488735915
223
0.49670600376079355
224
0.6011205854817184
225
0.5635029768678461
226
0.4289378621574047
227
0.5614069167300751
228
0.5338204069993155
229
0.49449616397291474
230
0.5354076017953238
231
0.46853733967223526
232
0.5249265291921458
233
0.47294359532119046
234
0.4706918917585845
235
0.4629051695017901
236
0.5525256955014262
237
0.49726939265397335
238
0.44428114817451025
239
0.48058730836611474
240
0.5460202423176805
241
0.39383109426231916
242
0.4950399888879002
243
0.3748565565629857
244
0.39935984640372213
245
0.5950484699895325
246
0.4445541082331995
247
0.5131058731717568
248
0.5311112887169575
249
0.5499724020077705
250
0.5292249884029756
251
0.4475331582043636
252
0.37776879255172585
253
0.46334609987522885
254
0.47565704031919565
255
0.5336255789923449
256
0.5391565674208681
257
0.5435101694632987
258
0.5828857764956228
259
0.3938048986604503
260
0.41684453170172026
261
0.5447669953687184
262
0.5052043879237171
263
0.5446360781414564
264
0.5621736959685877
265
0.5208427065963932
266
0.46083749027949056
267
0.5337368075625505
268
0.46922342494560754
269
0.5331612506775735
270
0.4714757404988053
271
0.5398139885584219
272
0.5341377576044727
273
0.49391389781352457
274
0.4972680157243224
275
0.5190540083225467
276
0.38640787429586076
277
0.48828655634971213
278
0.43239001459680726
279
0.5742805528955424
280
0.49614630690826483
281
0.552046349241934
282
0.5006315202132916
283
0.48549698420674203
284
0.5124040088996847
285
0.5062317214682228
286
0.5151734301859479
287
0.44161037196655084
288
0.5006366810037556
289
0.5028812548493847
290
0.50287909040214
291
0.5568148238182088
292
0.4888940518586069
293
0.5755849836844932
294
0.5502487674886238
295
0.43564151982590554
296
0.5017169906950295
297
0.506163665124844
298
0.5233442669407968
299
0.5210865020836145
300
0.47623112679954455
301
0.4301071263466964
302
0.49058723368480095
303
0.5178727625022309
304
0.3888188339157792
305
0.5341044305600982
306
0.4698798976647243
307
0.4520026140288244
308
0.45800237607054844
309
0.5265214646599017
310
0.5197460369132854
311
0.47480527009392354
312
0.5130132873579342
313
0.48714912344616823
314
0.45462917786294094
315
0.5410673946712905
316
0.4989559064656857
317
0.520296162229118
318
0.4586063685315832
319
0.510209161764022
320
0.49726808589183447
321
0.49558020937606506
322
0.4457216545090574
323
0.5192515033548338
324
0.490502895671189
325
0.44893530309728447
326
0.5655755077123854
327
0.5231151133495365
328
0.4347058462926726
329
0.5477632447119349
330
0.44740005767633384
331
0.46851227063039125
332
0.5322384635689046
333
0.48146998133085855
334
0.5478231759479969
335
0.4882631816386612
336
0.45344717567219006
337
0.47693835372228116
338
0.4543785707953501
339
0.5091792826139357
340
0.5204866636131621
341
0.4678590463090113
342
0.45539717594837975
343
0.5177237631960954
344
0.502949209416568
345
0.4717277182650235
346
0.496699348108605
347
0.5171616288390782
348
0.41362881286376835
349
0.4869952290937486
350
0.4846857747331202
351
0.4504854303000801
352
0.575992110444503
353
0.4636581764042273
354
0.5303774801782621
355
0.47329786334570906
356
0.5052755023193226
357
0.4789749818692697
358
0.5585805690976401
359
0.572671276233782
360
0.5277965900245393
361
0.5277550153765831
362
0.5119410570727387
363
0.5231761064406989
364
0.4905099683523507
365
0.59443595460639
366
0.5384564869817754
367
0.5504860739020415
368
0.4928226133552025
369
0.5039414910914259
370
0.5360458718908944
371
0.5425092113222736
372
0.49837410867209225
373
0.44880444516700735
374
0.5315406989405057
375
0.4509546440904541
376
0.5205387017559047
377
0.5970543775317076
378
0.5093532744130297
379
0.6325816656520696
380
0.48750503592025707
381
0.5652332792415162
382
0.3769477762520521
383
0.5769209458552667
384
0.5900827755044709
385
0.4756924657814091
386
0.5457209368720282
387
0.5306156698697746
388
0.4983449199768463
389
0.5144774994083154
390
0.4321411145430213
391
0.438241481797652
392
0.4734391117485982
393
0.5286903387178707
394
0.5102667926357112
395
0.4369813285656521
396
0.49618276594254074
397
0.5254878536366135
398
0.5059487039740972
399
0.4432779188311126
400
0.4972693326623383
401
0.4787623822880007
402
0.5342132011629416
403
0.48204906426238925
404
0.5470588878973964
405
0.4972691295339263
406
0.5016073079295739
407
0.5102761499225814
408
0.44975507240283363
409
0.4636308563062679
410
0.5588444015209756
411
0.5638434433567284
412
0.44781063114714503
413
0.5339831914002455
414
0.5091521628339806
415
0.37239404754250177
416
0.47989052316113984
417
0.11735960229981143
418
0.12931392246704576
419
0.754653074335892
420
0.41375756643910105
421
0.8326230717483252
422
0.45580987067383716
423
0.5636111317040232
424
0.5577843654279553
425
0.44627605810976073
426
0.4173944966630122
427
0.559164736317235
428
0.6450310497715113
429
0.7393613420450225
430
0.39098287656791014
431
0.4911974498296668
432
0.45804516658584454
433
0.573440973867479
434
0.5286411306014025
435
0.49561545868365436
436
0.5525467527710354
437
0.5115279790385621
438
0.5667272966392213
439
0.44890237710670283
440
0.55218677660472
441
0.46676667115472903
442
0.5081976762541004
443
0.5049152002400209
444
0.5245192685636337
445
0.4398071909619209
446
0.558019070223053
447
0.5502987254574314
448
0.5394219900227439
449
0.49185627901900414
450
0.4723734239764095
451
0.5904279764775359
452
0.49565731491633025
453
0.5576839572410415
454
0.5181676515930562
455
0.5144057872535778
456
0.5207906470908676
457
0.4887157795769322
458
0.47268131264853275
459
0.520805083209367
460
0.5106321946360731
461
0.40513916953881274
462
0.4876041030380017
463
0.4848896987983444
464
0.4956520022823424
465
0.48326215768568026
466
0.45531724082604236
467
0.43495209144706454
468
0.5048672024735401
469
0.5200363247321571
470
0.4788465331402431
471
0.5297435514143372
472
0.5446643327989372
473
0.4756979433781949
474
0.4864583947689336
475
0.49726806246055505
476
0.4810429738375891
477
0.5080940454115471
478
0.4338382976233173
479
0.47447039959264425
480
0.5433072793305533
481
0.5334977665706558
482
0.5350212669991714
483
0.47030413500600116
484
0.4751057692796572
485
0.5516108889919629
486
0.535969126342354
487
0.47844008107003394
488
0.5375319110216561
489
0.5256883443484901
490
0.4935136659445647
491
0.4951216609146652
492
0.5063881033537819
493
0.445466952053998
494
0.4725393755751923
495
0.4821760623464425
496
0.47515280885214384
497
0.4643478214423533
498
0.49618517135487283
499
0.4422735827851039
500
0.5005305776958674
501
0.44100908922703735
502
0.4863586559876523
503
0.6298057252077897
504
0.4531686842440627
505
0.5167818281514462
506
0.39206915736514825
507
0.5757809083882554
508
0.5162404991009344
509
0.5248748661464502
510
0.43487767422691026
511
0.46255257676230854
512
0.4217218806172408
513
0.4014200134448211
514
0.5099317448683413
515
0.42035132303651324
516
0.23700495705692334
517
0.43092454709000394
518
0.5301260730243866
519
0.4034755899750867
520
