u
0.7690038102150818
1
0.40907395482902764
2
0.5093506257642846
3
0.3771744314290989
4
0.23246910941653134
5
0.5527153884506122
6
0.7094873695373464
7
0.19494077318719275
8
0.3268315642582007
9
0.10956850438729443
10
0.6973294377497368
11
0.1669233272211254
12
0.8447194280204341
13
0.6377409033965749
14
0.34327522424505125
15
0.735984183460844
16
0.3867449209610534
17
0.505471569879356
18
0.543675331940379
19
0.6963489878355664
20
0.5241739618614383
21
0.6211884994803227
22
0.6088956040827316
23
0.4072058071587884
24
0.43853095533670944
25
0.7476230889585074
26
0.7247802453325085
27
0.4008388121279962
28
0.23676754706138683
29
0.6830775399424706
30
0.20809851914844585
31
0.5134462952608967
32
0.29194016374666143
33
0.4854854733766623
34
0.19037112776826481
35
0.3027532390410755
36
0.8461721522861861
37
0.5545573865175786
38
0.4975706497464957
39
0.4436865267059574
40
0.5443212201379148
41
0.22701261910928222
42
0.8815738086775978
43
0.5356820466636034
44
0.5903809492864383
45
0.6358339779395836
46
0.5738625045834002
47
0.5177636051257193
48
0.5061691580276237
49
0.4377551112987479
50
0.49181704496135514
51
0.7505990498141593
52
0.5668495466170407
53
0.44141331766601793
54
0.4939267122339782
55
0.3466817146434953
56
0.7577095049543653
57
0.21870005937738385
58
0.7060965445138173
59
0.7239111127332875
60
0.6473289947556069
61
0.744304224715584
62
0.33563370747122223
63
0.3186960856183532
64
0.5825147194317857
65
0.3365093928435
66
0.22477951613242228
67
0.48448741501830533
68
0.7170964787160035
69
0.790430672689599
70
0.6131795256302507
71
0.4570309849009566
72
0.6208187417607368
73
0.3389413746538182
74
0.22157195041417083
75
0.5389140196322987
76
0.23749572929262364
77
0.6740143196091845
78
0.724774427837183
79
0.6528388237158521
80
0.27368150317207035
81
0.46312044370214783
82
0.5874647599317967
83
0.7663270472397061
84
0.6015259368052398
85
0.4860975995772093
86
0.557167153945948
87
0.6829049554585767
88
0.5256386134366924
89
0.47756706969630786
90
0.4703489365898738
91
0.2648649516479869
92
0.7707290950119919
93
0.5794879183874704
94
0.38849794330643095
95
0.5700986921812343
96
0.43072787220334124
97
0.17959774012232588
98
0.41198385742910004
99
0.599857687220641
100
0.7623562640800056
101
0.46777398323543906
102
0.6389935040525806
103
0.623308252623579
104
0.23430938090963108
105
0.6482880219944088
106
0.34885822836328423
107
0.5457368629241887
108
0.17883744977291668
109
0.7856247439287696
110
0.4619175952812256
111
0.6059856815342932
112
0.4642295933154517
113
0.4702568131451542
114
0.6396400718007126
115
0.6370936117013144
116
0.6636392180253684
117
0.37841776609473615
118
0.6597079197455556
119
0.4107251672404016
120
0.6292093008837385
121
0.3562681460532171
122
0.5442446289961731
123
0.4730947347806862
124
0.17809566606424013
125
0.5222936215049837
126
0.6510528042687489
127
0.7013528372964307
128
0.5745469034863996
129
0.501868148600558
130
0.33642323047372547
131
0.6349145722538375
132
0.24886714591514927
133
0.36610925078076456
134
0.1560334573453403
135
0.32900936551353843
136
0.867866345593816
137
0.7784242649631229
138
0.5910616302669258
139
0.5262129552409227
140
0.6364737883593646
141
0.5050592857672763
142
0.5279948695157544
143
0.13753551486718102
144
0.8241581194952142
145
0.5255438890693219
146
0.2759759835212349
147
0.39450609430814615
148
0.29721537732097225
149
0.6929150684086539
150
0.17843896356019012
151
0.80797907593787
152
0.7322089684425156
153
0.5669707096149157
154
0.4321481464357149
155
0.2716968082615144
156
0.3559143297195234
157
0.7888384569830409
158
0.17934953522811614
159
0.5140348281689782
160
0.7039950578203816
161
0.3353800718770492
162
0.7051479513820634
163
0.4046491107733576
164
0.5303957344853037
165
0.5280940624482628
166
0.5054253627693366
167
0.34674822538783223
168
0.37618894873368164
169
0.48314430278124204
170
0.5665508084054922
171
0.3581829101031527
172
0.30505932754841697
173
0.48200554546009367
174
0.765361785508943
175
0.21988288681978668
176
0.6349237519372017
177
0.30591321080558426
178
0.5679063966677357
179
0.08337041954147972
180
0.5801899574993964
181
0.1389734020984037
182
0.740926319731214
183
0.4418822159975398
184
0.23747389307915687
185
0.628388145792659
186
0.827036787807904
187
0.5943123089253906
188
0.7397679241076187
189
0.49526057065982887
190
0.616991105575583
191
0.1318998636950738
192
0.8273923544766594
193
0.4751271519899927
194
0.4741662180735872
195
0.1250819390290577
196
0.42421170202297964
197
0.7555971453080766
198
0.34026904648025263
199
0.08010749053260906
200
0.23760784044402042
201
0.6666424247968565
202
0.6880796852721978
203
0.16139834806550854
204
0.37491243565183385
205
0.8020411122871935
206
0.6887282016124429
207
0.7893622086530792
208
0.6302691063588888
209
0.6539568803809086
210
0.3132600196101935
211
0.7134188803192962
212
0.3150669104368256
213
0.6801168633823398
214
0.5537064478062392
215
0.30523409790658784
216
0.4233075588385491
217
0.39511344771731866
218
0.5238654247579908
219
0.7573812332725601
220
0.47189559683311144
221
0.4569719563228338
222
0.3074605525248254
223
0.22772018307320116
224
0.8235072243665247
225
0.6442078311547985
226
0.6706283776758041
227
0.563585299789699
228
0.46136607551985814
229
0.5365883533697791
230
0.48854185027469615
231
0.47523659358998854
232
0.3867758497823353
233
0.5391251357378892
234
0.20129910060505657
235
0.5397396452322192
236
0.6453171171319848
237
0.41651529380630414
238
0.3828962659769594
239
0.3436995343581448
240
0.5270056437031513
241
0.37574714514817953
242
0.2345059805894451
243
0.8537185954965782
244
0.598744023378974
245
0.6579117028925228
246
0.35122016524074917
247
0.8193105968962535
248
0.4615651283768053
249
0.4218926142848648
250
0.3456384787260215
251
0.6880148403884202
252
0.45253295001313876
253
0.44956530376201204
254
0.6111554985934258
255
0.49264078173021303
256
0.5995879671363579
257
0.6781126636768134
258
0.5748452832356412
259
0.5715801028020067
260
0.4190393397073522
261
0.49476391404902753
262
0.2490247908768747
263
0.5821858148046211
264
0.43225180990876805
265
0.31673169954249975
266
0.5962749337233634
267
0.6675741397265623
268
0.5700814838646328
269
0.42691319658558036
270
0.4255109903734364
271
0.66268204861903
272
0.609791912665438
273
0.42545656607885
274
0.4822224168676889
275
0.507783940976165
276
0.33269576157234654
277
0.48594903152223745
278
0.6604979312185971
279
0.5527884493058137
280
0.4685742054901716
281
0.4972671129660691
282
0.2911903156255059
283
0.3846194197390337
284
0.5811986749840242
285
0.6589916259117414
286
0.3902206832841023
287
0.6842788203919888
288
0.48139174253297534
289
0.5002930648150796
290
0.6442893932830585
291
0.4975545720856307
292
0.5922382396080149
293
0.49892085998404
294
0.511215112770744
295
0.44738219428129006
296
0.4579032343950877
297
0.6035354959459794
298
0.6843691970554915
299
0.5240955489827225
300
0.6013126003838672
301
0.4503821982760631
302
0.43528837743888943
303
0.7667506596494481
304
0.689967438512736
305
0.5986315030374925
306
0.7460521114827263
307
0.12375660277812635
308
0.09794293792695295
309
0.8617472812646134
310
0.5508781171392754
311
0.22723281897638903
312
0.8397753320189189
313
0.30781295204888787
314
0.07562677372864969
315
0.7185871648292845
316
0.283963805476378
317
0.7337729291913202
318
0.5472740720776353
319
0.46528312194384264
320
0.43728800652269406
321
0.7728545663393488
322
0.4048816264371417
323
0.5084913574060931
324
0.5501062764440229
325
0.689943917906772
326
0.4821517774336601
327
0.34841999664294054
328
0.2505196327138078
329
0.6748906253948462
330
0.6751775349536621
331
0.47795090303213156
332
0.557565558862793
333
0.5793528818751712
334
0.4437566082680676
335
0.5679485817338216
336
0.5914767356605337
337
0.6115122805829647
338
0.3353216428125709
339
0.6291828401862317
340
0.5879124313574422
341
0.3452976604938088
342
0.337036298814929
343
0.11416980712719038
344
0.4816113463967996
345
0.11640423886711836
346
0.7675278840829244
347
0.7455328253932063
348
0.2761609250633148
349
0.12521315143043404
350
0.8811333890273865
351
0.11254675910302195
352
0.31764587468642597
353
0.06541731194755937
354
0.768521530972377
355
0.7132434364197502
356
0.7706152635756143
357
0.8043076447857256
358
0.4390124299817394
359
0.6824011478049139
360
0.4910838798446934
361
0.7809646178227178
362
0.5530726347819324
363
0.5445061175676158
364
0.21307572826585974
365
0.8029471788146818
366
0.32417119359723207
367
0.6371724890339047
368
0.734740111115588
369
0.5526525284757222
370
0.4600522338833308
371
0.6354789394792926
372
0.4941171895671954
373
0.22394136218846433
374
0.3687576592708268
375
0.32046241111095747
376
0.18088085458308475
377
0.8749102326037138
378
0.5443707125449857
379
0.672012871465372
380
0.4285359958732911
381
0.7094455027874249
382
0.5818427541563074
383
0.309124361285025
384
0.6880756049308698
385
0.15549529006336882
386
0.41896454675583295
387
0.33781199961839714
388
0.28403640520490203
389
0.790349586028832
390
0.7130701556278908
391
0.6112093437445166
392
0.3910257860700306
393
0.28475420533819
394
0.42109153851511694
395
0.5595178796563982
396
0.5512373729180585
397
0.6413206553372708
398
0.6768964654486566
399
0.5935820604198265
400
0.6031122274514278
401
0.4282257475778207
402
0.6188360157756839
403
0.4947124880403807
404
0.5786842535018754
405
0.6331267253304217
406
0.5522530167934171
407
0.44794951762664054
408
0.6142435614318675
409
0.7224829009025802
410
0.33569231047038994
411
0.21732976919395258
412
0.8234770452622927
413
0.6794811905282145
414
0.3091437657767856
415
0.050813554487061784
416
0.5720457110329586
417
0.058571891808991694
418
0.05038143495443695
419
0.9103332395543635
420
0.2679505499525075
421
0.9454372765983163
422
0.7523323097628081
423
0.3034965005469832
424
0.44939704396634705
425
0.8398099044693461
426
0.22175188067254625
427
0.8216213508248721
428
0.801908231255285
429
0.8897384377722097
430
0.10676641635440812
431
0.6543843547068458
432
0.1720742560267806
433
0.8614447686577362
434
0.6924303068308664
435
0.6458959790494415
436
0.43003574923328447
437
0.7042746716105887
438
0.770662688544212
439
0.5630972975830082
440
0.581089270994376
441
0.8270269477515672
442
0.21052908002742302
443
0.19139297585469073
444
0.38455319150199907
445
0.32693661764876053
446
0.6812498857034762
447
0.8554234783637688
448
0.486979778707967
449
0.406939826481896
450
0.08377926460213776
451
0.9184404391056891
452
0.7253880729847249
453
0.3648852716389858
454
0.7604911127238477
455
0.6941069290639422
456
0.33757789184333037
457
0.5801434409095783
458
0.4609909321800706
459
0.6584207459171806
460
0.7206728981915342
461
0.2819519870690901
462
0.718508428457238
463
0.14391828603270096
464
0.8812936414708261
465
0.6402489539539111
466
0.373559735777705
467
0.18917970907564893
468
0.5900843202113073
469
0.7922224168516673
470
0.35213105944144013
471
0.6539395213127639
472
0.6314823386588755
473
0.7898927147890327
474
0.6620860838483907
475
0.44829586502868624
476
0.48777271497775754
477
0.6313109433338584
478
0.2953814511664156
479
0.4140572071466142
480
0.6388950181734466
481
0.5566471271456971
482
0.4851106084825793
483
0.23737051784719965
484
0.7949590855223804
485
0.6905418364115667
486
0.5267884732846021
487
0.3381303074535087
488
0.724142414032105
489
0.42470815694814656
490
0.5986021062349527
491
0.578934767769989
492
0.38792409016612134
493
0.6790719158368766
494
0.559671544851849
495
0.25865255281966976
496
0.3805747773831041
497
0.5010053761233054
498
0.21034303735960422
499
0.5874373091349745
500
0.7111230837141815
501
0.6847708594283578
502
0.6536470499066046
503
0.7317850873079184
504
0.4309845680697616
505
0.519434576713197
506
0.21276006896671565
507
0.3112974106073297
508
0.8559064907113185
509
0.21525718289677412
510
0.7517837008620677
511
0.5982950390068764
512
0.23906925418488778
513
0.42737706121678876
514
0.08162290308746886
515
0.5818107968118106
516
0.6852035653595803
517
0.23819982938388445
518
0.2849440124463203
519
0.5841419067503681
520
