u
0.6577774448527627
1
0.30640568585903566
2
0.5742980950978035
3
0.2944352973732073
4
0.36511443929166515
5
0.6031716048172552
6
0.27659536485470665
7
0.41366033185984064
8
0.5108795968062185
9
0.32478225386118603
10
0.6108128101290226
11
0.22425378212948835
12
0.7375096038681485
13
0.3517036801540352
14
0.7670577023285583
15
0.37963007171483437
16
0.4641404534003292
17
0.40783810821498634
18
0.35734512138010727
19
0.47795442687960027
20
0.5007752095973849
21
0.4522598417637702
22
0.7136923072039845
23
0.3326345233997036
24
0.43574066376777926
25
0.4683610133718804
26
0.5141679658062313
27
0.4465552202141416
28
0.44360383359634076
29
0.6304443599166487
30
0.4468756773566328
31
0.6498725141412316
32
0.551974135978158
33
0.6385192267222211
34
0.32002028497157264
35
0.7755209972196158
36
0.6801793310754699
37
0.5011667285251148
38
0.49118554594874647
39
0.6616229317226158
40
0.6211510651083229
41
0.7616664608868414
42
0.7913874679517835
43
0.653861346537306
44
0.6360371132429071
45
0.6236212857875252
46
0.7498948031096673
47
0.4840374629486421
48
0.6205053287866568
49
0.4727620327915343
50
0.5198932432681982
51
0.8041134877490855
52
0.3783139832331413
53
0.37435587643450946
54
0.44390634458493666
55
0.8607522222028767
56
0.6148555072803253
57
0.6524860255080961
58
0.28822268568383846
59
0.6343056390373486
60
0.8033044667691411
61
0.7017010028753965
62
0.24754054338328446
63
0.37593630996413263
64
0.15977381235045837
65
0.1305436753687263
66
0.8773700961036395
67
0.6608191699839445
68
0.7582966916450307
69
0.23970825644428465
70
0.687788137517542
71
0.2016748334277936
72
0.5917923486626614
73
0.16964243688855607
74
0.6767272007113736
75
0.6656711582595984
76
0.4041953280572393
77
0.6301776885066086
78
0.5278732860789258
79
0.4827516850079405
80
0.3385388130250735
81
0.37439771195718446
82
0.6513020748271356
83
0.3671566280026001
84
0.4424250109410427
85
0.6738066406025106
86
0.5481016077859636
87
0.6504825262047924
88
0.6457427812021004
89
0.6545049175724645
90
0.5574877776989303
91
0.5352167127777809
92
0.6112174149574411
93
0.6412878310491068
94
0.44584932735249194
95
0.39164407514552546
96
0.5139559366640808
97
0.2383593477738412
98
0.4529787401498418
99
0.5348898164502894
100
0.41231098729728904
101
0.5948855687432605
102
0.3875841497076937
103
0.6912190888807594
104
0.2469376679939098
105
0.6194336208654548
106
0.5697875123157126
107
0.5581643814928716
108
0.27176636851516567
109
0.6046085473324168
110
0.45467393316582144
111
0.49247704608559334
112
0.4436286994500943
113
0.43988369611086664
114
0.5561686308789393
115
0.4631964002302796
116
0.5914974449091016
117
0.4302429817459899
118
0.491016325833352
119
0.3897178488295279
120
0.5980273154116145
121
0.384462688008925
122
0.4836654296584883
123
0.5642410676761558
124
0.6038346424310769
125
0.40847293841970145
126
0.5341237930747378
127
0.7031155424232511
128
0.5089196270694036
129
0.6326214447047417
130
0.7628216643568658
131
0.7056225583849219
132
0.5229783544100441
133
0.556258698065464
134
0.24077320319929416
135
0.38376812634770624
136
0.6608382125351381
137
0.8752816464268959
138
0.7395621440742574
139
0.6975233046045168
140
0.6741416076914931
141
0.5933515299638281
142
0.7828553156338909
143
0.22086845262440602
144
0.5767721850875912
145
0.6006263137951271
146
0.5027036229175046
147
0.2692131938686618
148
0.38165924955541713
149
0.5074366014632372
150
0.4497621408567902
151
0.6731701234189016
152
0.46224545826543373
153
0.5248846088353554
154
0.5540103192141101
155
0.6461752831310706
156
0.5583023562510276
157
0.3311401237811639
158
0.38124234080076375
159
0.4702563637838092
160
0.6413940410413179
161
0.3355498424084464
162
0.4990930776742908
163
0.6346743258204955
164
0.44459690667892515
165
0.42650942232233247
166
0.740242958992014
167
0.7622876241790307
168
0.6575941782298309
169
0.2547582496906612
170
0.4064298429308945
171
0.6293914889619798
172
0.3687080967555897
173
0.48300925577214016
174
0.6446577873683501
175
0.45974469043787897
176
0.5047821105450273
177
0.5246460028625747
178
0.5011219890359061
179
0.24776230937645008
180
0.452938013935295
181
0.2115796654741306
182
0.6736113754941132
183
0.41891471837972066
184
0.562611469685567
185
0.407729010213196
186
0.5362911499087967
187
0.3891450053213493
188
0.7189290309165958
189
0.38993206043955764
190
0.760797935076186
191
0.42923937006757557
192
0.5225647481977127
193
0.4823670040322941
194
0.5304013454119573
195
0.24444558326191887
196
0.5337086488088021
197
0.39398136571668685
198
0.4778881297491031
199
0.1982041187813822
200
0.4419979892471515
201
0.693856816133982
202
0.7410760302070698
203
0.13314612792988878
204
0.15373102258198734
205
0.40809660876619275
206
0.6695240717223958
207
0.45906661333242216
208
0.497515364368886
209
0.2348356286243841
210
0.6767455655341795
211
0.31657812617742404
212
0.14231981086890583
213
0.5841074744214224
214
0.8165931672866278
215
0.08386713029507165
216
0.5882050918468332
217
0.6842463279892277
218
0.6861715439548152
219
0.5018157844588388
220
0.13438934611529416
221
0.552428873075836
222
0.17642761467835055
223
0.2547963055632423
224
0.5329757446667839
225
0.23891253108558264
226
0.8904648007556831
227
0.6492742942860714
228
0.11607101532892238
229
0.4552503345379946
230
0.416884245386419
231
0.3375255893476089
232
0.7096432843551312
233
0.7607806086993704
234
0.31767023162711955
235
0.43275617795591775
236
0.3121696878958313
237
0.5417161436118654
238
0.7031755590155804
239
0.6651493172895627
240
0.43917886740933504
241
0.6125271552048525
242
0.28583701430160147
243
0.8550363186191666
244
0.8761388872641406
245
0.7337410734989429
246
0.5553375709773636
247
0.7092060989348618
248
0.7724990415629353
249
0.41162249742607054
250
0.4327227534294808
251
0.49412263616803176
252
0.22762142007143008
253
0.5026537280888725
254
0.5493849580123259
255
0.22628465294172861
256
0.556699809740592
257
0.4455659368563954
258
0.4009427711659018
259
0.7118415799189793
260
0.5846216113350416
261
0.2551069528677042
262
0.32071867371757273
263
0.49701538180013577
264
0.44679262448309875
265
0.21498285113167548
266
0.5504031187108174
267
0.7750512282399682
268
0.6401190597744715
269
0.5714741871585102
270
0.24957321051702888
271
0.4996977431641704
272
0.3689282450546984
273
0.48083869334431123
274
0.560286134138767
275
0.5473481180332384
276
0.6318346769872106
277
0.6788228099659475
278
0.3220749774277227
279
0.31565481617989904
280
0.42919492524915315
281
0.49298741724927203
282
0.3018116693493287
283
0.49170266159856973
284
0.51220044459121
285
0.6117733463758814
286
0.2147865416348041
287
0.813645213225988
288
0.6351840187398108
289
0.5571091268303148
290
0.5108871888833394
291
0.3875359492365129
292
0.6953804680949958
293
0.5125884783999906
294
0.541431642216662
295
0.4201784371051263
296
0.31143393988105544
297
0.41937930255803185
298
0.565379275710858
299
0.6640563236702937
300
0.37534392274154943
301
0.5800022957965041
302
0.41400839395734884
303
0.5425016826920455
304
0.2517374658201548
305
0.455174048662046
306
0.24602490532515056
307
0.6688942914296885
308
0.32307140984999805
309
0.20795855616093076
310
0.5684963415666928
311
0.3387382658829561
312
0.6325810815626671
313
0.3838275806482928
314
0.3208630449794655
315
0.6926363736791631
316
0.5807283563098454
317
0.5480217290135342
318
0.5347596381755791
319
0.6710933450014479
320
0.5012520443105416
321
0.5272470623244897
322
0.6662712806076483
323
0.3182506212792325
324
0.5107372450986665
325
0.49096176879339076
326
0.6382550032863288
327
0.39698157786330274
328
0.5853895892692741
329
0.46064582587962216
330
0.7238411698960462
331
0.3669882273990804
332
0.4416451704278441
333
0.5198950343802188
334
0.4467486406048202
335
0.43203090727100674
336
0.5876009787484132
337
0.4641372814692785
338
0.4949966889893185
339
0.6186960316193372
340
0.559078584948496
341
0.633881108960071
342
0.4935912777459659
343
0.30458421543979325
344
0.53594287651179
345
0.40577848544757283
346
0.6557472578361309
347
0.5717214564966441
348
0.3637496994218105
349
0.505516509063907
350
0.5593430432377976
351
0.3945500336769913
352
0.5754771109701906
353
0.2416642649050151
354
0.3679278817361035
355
0.27593190613936336
356
0.49309751856051615
357
0.651614715468279
358
0.45916852044461254
359
0.48344999153659257
360
0.523043483666429
361
0.5921820181241194
362
0.5173204192725094
363
0.6481615351145787
364
0.3923548314396441
365
0.5305373253216572
366
0.29869424560467195
367
0.6129756775200782
368
0.6061978368169693
369
0.5289873601006634
370
0.47626259368137813
371
0.4469958837759997
372
0.42516052173544877
373
0.34101535525231924
374
0.5092966247766664
375
0.38652024400275725
376
0.35463752595728
377
0.4792879744984241
378
0.5412749647207958
379
0.32711584585343595
380
0.5700420198901941
381
0.5685286248625169
382
0.41400633020843974
383
0.46400113662033465
384
0.6199118745501327
385
0.24108583118278878
386
0.36673317645877335
387
0.5876788926715242
388
0.3586970177799193
389
0.614462510632837
390
0.5750045129875053
391
0.6470009379268139
392
0.41934930282843075
393
0.5415382917399434
394
0.35782957902138784
395
0.6820979878026233
396
0.49239832995404176
397
0.5219898243169839
398
0.42543401911685746
399
0.6368166591854454
400
0.4174228090337332
401
0.4779151387866366
402
0.6061230995955863
403
0.3697802544582455
404
0.5943016941013798
405
0.4998579717535836
406
0.4875429787394544
407
0.3189623038789397
408
0.6697125668374384
409
0.5815548314817605
410
0.37409021952481375
411
0.3733103454217183
412
0.665081794996619
413
0.49304271592575305
414
0.7166024438426802
415
0.14841679086855925
416
0.19103897930803257
417
0.7894979808737486
418
0.8054151320817787
419
0.1843114541125569
420
0.5656607881218969
421
0.4916660696037432
422
0.3633875309524326
423
0.488915798379729
424
0.4119231767587744
425
0.4512725946275541
426
0.5419911308137042
427
0.5718930120733052
428
0.512506738117396
429
0.7173955177340764
430
0.23032526844031834
431
0.4263912050294425
432
0.5377157858651496
433
0.5299697231898574
434
0.4072541102760886
435
0.5042733595729602
436
0.37197904498071915
437
0.45662180494060933
438
0.4945195910523458
439
0.5849840864420536
440
0.37950914413084313
441
0.4286687981169615
442
0.6134609678731421
443
0.47766012895137383
444
0.28504972786391897
445
0.6342221991763513
446
0.4523053335252268
447
0.5271500193503822
448
0.4641091640193996
449
0.39079134702558493
450
0.4831589179132496
451
0.31562947562142074
452
0.6648948832987234
453
0.38194063799812006
454
0.5276290795892973
455
0.49602971193619205
456
0.4716138339708569
457
0.3915376066854683
458
0.5148660967467674
459
0.448505574628537
460
0.5956344341660234
461
0.4816730112494083
462
0.47587903128448994
463
0.6179410210904205
464
0.5858401755119418
465
0.42977368640908026
466
0.5610102901500782
467
0.6465631519808145
468
0.7140707813871344
469
0.5795477529503091
470
0.4724802829285292
471
0.5942610608248727
472
0.6311954163709524
473
0.3528379308362736
474
0.37382187824461727
475
0.37534822408370117
476
0.6681021089210024
477
0.4005510775701878
478
0.5904786651161898
479
0.4359770015907619
480
0.6070538101301985
481
0.44696434594035156
482
0.5121349414325177
483
0.562041215179212
484
0.570233521480603
485
0.5259964563087811
486
0.3723626577045055
487
0.48216830433619506
488
0.5524566695100691
489
0.3794168223770407
490
0.5645424734073728
491
0.3995951166556769
492
0.5216279112066116
493
0.4930051671498942
494
0.4780189148946104
495
0.5161733504437843
496
0.49572482390543243
497
0.5919819945508049
498
0.5353750553931731
499
0.6411285391164507
500
0.7264552740849803
501
0.3961349501404017
502
0.5608734708484209
503
0.41255461726456705
504
0.549314130351537
505
0.5073597052309269
506
0.4036500997199701
507
0.4236337178390373
508
0.5652016599764321
509
0.5297739031001363
510
0.5862442236636888
511
0.576770150109411
512
0.5510061046416149
513
0.325009415220357
514
0.4231407089818684
515
0.6821568761582245
516
0.48517970451692416
517
0.5175376491908418
518
0.4387122523826573
519
0.561270895649693
520
