u
0.27945010632307005
1
0.5214314468448024
2
0.6015705102433294
3
0.4049413338045955
4
0.6337439953191482
5
0.5200233984805972
6
0.5425489577900224
7
0.486637676074126
8
0.5459780190758532
9
0.3409191632544653
10
0.5474625764076171
11
0.6591331318359259
12
0.40408146039476295
13
0.545933463715084
14
0.49617133243738015
15
0.5839752401844364
16
0.6057886920029781
17
0.6005466363678904
18
0.6424479007492055
19
0.45843108967341756
20
0.5215732710926012
21
0.43552866808392454
22
0.3285174549596834
23
0.6576466698533492
24
0.6047413435205687
25
0.3967608349428075
26
0.47196172801684977
27
0.6223220445647302
28
0.6072898632610282
29
0.47236616342597243
30
0.6320030515610935
31
0.5041921887111473
32
0.4804618689716124
33
0.4533721088825801
34
0.4197248704741669
35
0.5122341341871459
36
0.5145037627320619
37
0.5360221381825337
38
0.47695855623485617
39
0.40739789658972914
40
0.5111350711049631
41
0.542989345659082
42
0.3779346633198178
43
0.561267796322883
44
0.44940624357771963
45
0.4333388005727277
46
0.34693917594192086
47
0.586972842649058
48
0.47765736071017556
49
0.5494267095566171
50
0.5515128411398265
51
0.33786256379983337
52
0.5472569232112552
53
0.5298996363727901
54
0.5482218877254157
55
0.6049310883719015
56
0.5656134204374883
57
0.5304562781293234
58
0.5685237115143407
59
0.3691348927701179
60
0.3981678572707248
61
0.4777934085709472
62
0.4296153248424159
63
0.31793745845274457
64
0.35516767449939457
65
0.5199105770102482
66
0.11900270294641571
67
0.663590425819912
68
0.3265880418893196
69
0.693273971477216
70
0.6517442322801883
71
0.4386774897974021
72
0.39719059040587373
73
0.5143702727667
74
0.238307661297712
75
0.5790399570484289
76
0.6002804904559893
77
0.27563933854684186
78
0.5369739271433758
79
0.6692385727486925
80
0.611053495318733
81
0.4450965002932407
82
0.5290830665504626
83
0.6714506654079481
84
0.5273578120025925
85
0.40231262518655914
86
0.35535379297545966
87
0.591115904165402
88
0.5276664394484544
89
0.5420663544427229
90
0.3799839604119299
91
0.5506809973193052
92
0.5929338914851527
93
0.4101500375076687
94
0.5516851095004749
95
0.5645449128534559
96
0.5357802062043602
97
0.4889271247702267
98
0.61343486161992
99
0.4652077413328316
100
0.51765688782886
101
0.5080957525760976
102
0.6169723690919726
103
0.3292186779243154
104
0.5637078905663296
105
0.4901989997859164
106
0.5751854524166717
107
0.48431028282762945
108
0.6065148256204739
109
0.4632582108150064
110
0.5548680983973613
111
0.5695641314465858
112
0.4774831893840949
113
0.5907595763184227
114
0.4706265822671755
115
0.5746512526018006
116
0.3738504101078698
117
0.49737778016887685
118
0.5079139033914474
119
0.5917334773783127
120
0.33789450007681937
121
0.6259689265090101
122
0.5206378985431329
123
0.5241068150748064
124
0.4247107551148194
125
0.5241874269756857
126
0.5880304318814079
127
0.4916000357214504
128
0.5919323338417054
129
0.3253473736118797
130
0.3449270120536932
131
0.5407644632995213
132
0.5114757604175915
133
0.5943174697529812
134
0.5791035970807451
135
0.5389759527229014
136
0.47195294097478735
137
0.45114014446086126
138
0.47181189750510943
139
0.42905766478848
140
0.5160898055700086
141
0.6577590995693515
142
0.31029819244417406
143
0.5781682846593852
144
0.5368646644105932
145
0.45445719793020783
146
0.5936044593223437
147
0.6189255905366469
148
0.5554775074124649
149
0.5971985638261935
150
0.6708730151167325
151
0.2321280339278633
152
0.45994730483570645
153
0.5019913215622016
154
0.6041396279680651
155
0.2336145795407929
156
0.59175123372992
157
0.6650366679103327
158
0.4746205521826441
159
0.5270934279421036
160
0.5111003510033055
161
0.5641257842461379
162
0.4341654214493976
163
0.22949725544403823
164
0.5055036683024057
165
0.4682430712718353
166
0.3927278056719139
167
0.5500245517853697
168
0.253122309536264
169
0.48784207025655174
170
0.577788538695406
171
0.3199008727293545
172
0.5606530691538334
173
0.4494029504267699
174
0.5477303805301006
175
0.5475573806038275
176
0.5556264196030287
177
0.44151700752978135
178
0.4448318038301707
179
0.5687522690453736
180
0.4202464581028901
181
0.5827159141229739
182
0.44611792550131857
183
0.5732894154566139
184
0.440301634294753
185
0.5556756048714189
186
0.4889949524432931
187
0.5958627253925389
188
0.5186754302165092
189
0.41177225115599736
190
0.31074930662525807
191
0.5453415002904487
192
0.5571654425944513
193
0.5260905229423317
194
0.4259657199226295
195
0.49252666429393926
196
0.4114924363634225
197
0.5082369123596908
198
0.43345678377779356
199
0.5743139371030088
200
0.43829968868600905
201
0.4260944925469335
202
0.5722495776503119
203
0.4095733867507057
204
0.5083271881964567
205
0.531475761930841
206
0.6361180463813384
207
0.48287220414903154
208
0.6615681209330213
209
0.666584484029412
210
0.5196940350960708
211
0.6110798200069892
212
0.5380584217123418
213
0.5391327568248568
214
0.510147195541243
215
0.5753219609244962
216
0.44225984567197246
217
0.5193610876146915
218
0.37422480612126835
219
0.5287828184486728
220
0.6292039998432011
221
0.5669763458985388
222
0.47789850405639345
223
0.5454323884326522
224
0.6976616269303849
225
0.6441544908442475
226
0.357045894572133
227
0.5266317202788887
228
0.5708947644648223
229
0.33448959206959067
230
0.6399403394579222
231
0.46164469904344385
232
0.49517258092320465
233
0.49292131758440916
234
0.33365130498148415
235
0.4883174876535462
236
0.6255971192307873
237
0.5322922449098048
238
0.38043189822537926
239
0.44311101488812354
240
0.5981066047882192
241
0.32199613201388333
242
0.4916776864128677
243
0.22580672456131062
244
0.3322350036281611
245
0.49854937550990897
246
0.47593127204736974
247
0.47470451900786587
248
0.4273422530481198
249
0.5848478011131316
250
0.5979281317501414
251
0.5584421553298798
252
0.5091522574491799
253
0.4445174733962795
254
0.500911619662105
255
0.464275819124157
256
0.5550633502510075
257
0.5232972862453075
258
0.6177699373882298
259
0.35387783974375836
260
0.33057144430048985
261
0.5934939296643537
262
0.6031100358306759
263
0.5208964423849074
264
0.48324270887795834
265
0.6516664699727533
266
0.4915716235855347
267
0.4880543659897516
268
0.43012857663773363
269
0.5715589730844198
270
0.6056531777534835
271
0.4823645010120712
272
0.5774511256659661
273
0.4446238900386642
274
0.5883885219390205
275
0.5374324899354757
276
0.4223920992452376
277
0.4086016481339628
278
0.5952061031401514
279
0.6086149544878088
280
0.448490394617084
281
0.45622558972649274
282
0.469826682001472
283
0.5169558312442414
284
0.5624103090781012
285
0.4528560028960112
286
0.5476719994391117
287
0.473373077575175
288
0.49395808517304696
289
0.5271652274231245
290
0.46651550517006246
291
0.5700693325329113
292
0.4394515572260845
293
0.4813530387225346
294
0.5237551705614881
295
0.3605228959876909
296
0.5638398323883362
297
0.5814608234225023
298
0.44492250232960784
299
0.5283631888600507
300
0.5899213944044384
301
0.3717862913327445
302
0.6009419239311118
303
0.4226812752209706
304
0.4916600218519439
305
0.3793021180108903
306
0.5874062579542356
307
0.2909836480889716
308
0.34257843489549744
309
0.5490681553287965
310
0.44680214699052556
311
0.38691949022017524
312
0.47946428097136196
313
0.5776275657075653
314
0.37761445452977493
315
0.6853761770267877
316
0.46087855889983265
317
0.4855046932239183
318
0.3295999095138533
319
0.48056355416620644
320
0.4209304005436904
321
0.5691857745898924
322
0.3828613140258683
323
0.6277224238593444
324
0.44229303917574825
325
0.44916640451907874
326
0.5167064012260464
327
0.4204848239500964
328
0.5672276977667923
329
0.5716032639973198
330
0.5606670414637729
331
0.4447561551451067
332
0.5357457834003644
333
0.4925405084941656
334
0.48052207872089436
335
0.5711371668486411
336
0.53076214798762
337
0.40420076672771443
338
0.4047784946927483
339
0.5526360025956427
340
0.451636332207194
341
0.5251098080005275
342
0.2776160195650502
343
0.5448125952589524
344
0.4231780458495359
345
0.526799332420714
346
0.3578449067390366
347
0.5515367585010645
348
0.4430781341218176
349
0.48736723211909105
350
0.4761714908127351
351
0.5517557470393797
352
0.6005904712062071
353
0.4494667396786173
354
0.5207508336247153
355
0.5765153935475836
356
0.5713056614439966
357
0.5494768554982734
358
0.6032097069680441
359
0.6091486328083432
360
0.541398831582672
361
0.483039380330131
362
0.5176318499712886
363
0.3917765142444726
364
0.6087598963134475
365
0.5518129844353963
366
0.6858797852202287
367
0.5576288630545649
368
0.4393547337824898
369
0.553197922317306
370
0.44739502021367494
371
0.619109487959116
372
0.41700083556480444
373
0.4903805332799916
374
0.5438723929282127
375
0.5540294478146016
376
0.6222711819196715
377
0.5811408452125736
378
0.5224722850927268
379
0.6959327014322338
380
0.5791375066228307
381
0.43857174826349576
382
0.4141948789244712
383
0.5764681390696472
384
0.5618918214165953
385
0.5842995746983746
386
0.5880017013328889
387
0.6937150942472462
388
0.557610617283789
389
0.5415865271163675
390
0.4226180279404248
391
0.19253608122547905
392
0.7415976635023382
393
0.4866171016332351
394
0.6265573752630738
395
0.32459125199559513
396
0.5593086633613025
397
0.5050928459804486
398
0.5301088551115638
399
0.31511332968369615
400
0.6204460511238021
401
0.5656631661908086
402
0.552620185411957
403
0.46604197135821457
404
0.575857520534801
405
0.42029846623095674
406
0.5631732722707996
407
0.5426999642944783
408
0.5017813808394251
409
0.5297425974066925
410
0.6118493391607731
411
0.6048723260397055
412
0.45630821346350586
413
0.5292653999092765
414
0.5790604872282752
415
0.5436117194769222
416
0.7009150021598977
417
0.03445262237538296
418
0.01606214539686419
419
0.9768060981095181
420
0.38060317150277145
421
0.9638230985702914
422
0.3798534004161364
423
0.428921661348065
424
0.3385098467308792
425
0.32573589319453417
426
0.6906651357046729
427
0.710207019276757
428
0.633297279638824
429
0.5236973110718262
430
0.5069379919679325
431
0.6627447715242413
432
0.44804893309946703
433
0.6524117817041357
434
0.5814852167033757
435
0.6408659705223199
436
0.5782287185673438
437
0.5216120731842827
438
0.5395135959194827
439
0.21240849463344336
440
0.6019953655033848
441
0.35571854887340587
442
0.49341589286496945
443
0.5415567929795673
444
0.5353302668922358
445
0.3493776702395864
446
0.5589694805327778
447
0.5108902145822898
448
0.5405459114113481
449
0.4252257992470251
450
0.40785298702981987
451
0.728007169443803
452
0.4550289043990976
453
0.6729067598014371
454
0.5416323320367415
455
0.3993635057797432
456
0.5268312992968222
457
0.48641270894614597
458
0.5597784322561667
459
0.5346877562166695
460
0.2793041234610776
461
0.5370907214017614
462
0.4537845031551688
463
0.4883181182002655
464
0.41637986299452434
465
0.4872243135214003
466
0.34828548387142144
467
0.4060222055556427
468
0.2604647239867349
469
0.38877384335074394
470
0.48992775752349116
471
0.6030817882857318
472
0.6022285039371004
473
0.517636937137401
474
0.5281907164612566
475
0.5615429399274198
476
0.4439350977140032
477
0.5614949792329942
478
0.4253313923671313
479
0.5165249865520313
480
0.5500681466296302
481
0.538430885519801
482
0.6566658299553985
483
0.5672860978566614
484
0.41065467612735723
485
0.5895076131601189
486
0.5447718070296172
487
0.5139731961519365
488
0.5797126969475257
489
0.5230274086980421
490
0.36447490531445165
491
0.5415872890969701
492
0.5139438318186118
493
0.5139285655486394
494
0.4586221506788665
495
0.5272691129991378
496
0.5077763683229887
497
0.4535225901135135
498
0.3796670325872868
499
0.30984338814275547
500
0.6408353553941255
501
0.40503686278643286
502
0.6178221159969532
503
0.6338475019575985
504
0.318168726029093
505
0.5089528025718627
506
0.4568982593048788
507
0.6560234857811875
508
0.35184733597784595
509
0.521467006774448
510
0.46622443757930937
511
0.47972117678496246
512
0.2392944865485283
513
0.43928892812257664
514
0.4706279427020674
515
0.37236696446217815
516
0.27461635463892553
517
0.43175131338819733
518
0.37263047380164155
519
0.47613649415867404
520
0.516511148789582
521