u
0.8539363877738335
1
0.15907936088850577
2
0.26898778952329955
3
0.13422635131613614
4
0.12047438044225622
5
0.6475635762237035
6
0.6893374816306296
7
0.13480483325856507
8
0.6452909659862511
9
0.09145903314781019
10
0.6618478940209187
11
0.11037996206256975
12
0.8610485063042681
13
0.6932712848890635
14
0.5806720212171105
15
0.856751299937211
16
0.3206027358186202
17
0.20010590196022854
18
0.34680851289675413
19
0.8250596491535602
20
0.8104204796790584
21
0.7698610681662571
22
0.7485042692863015
23
0.29098568414351816
24
0.5208364373180863
25
0.8804686537196474
26
0.7525336598654517
27
0.3921064372795524
28
0.10340067129214942
29
0.8125594242088414
30
0.2076086252712412
31
0.8187349899314047
32
0.2610814211917235
33
0.7545487646489163
34
0.1899319715609673
35
0.23489517694298606
36
0.9077091343887964
37
0.6076391513060097
38
0.6152121433913933
39
0.587832426751813
40
0.621256310239993
41
0.3595940594917459
42
0.8389607324176387
43
0.535577352447523
44
0.442170933248499
45
0.6853888438960729
46
0.32489016577006447
47
0.16434349561266062
48
0.41851703228120846
49
0.5740469554687753
50
0.4215907630288951
51
0.8792731181072828
52
0.48608506287273956
53
0.2842160752110896
54
0.22262172000173708
55
0.2997712823222923
56
0.7573917475983865
57
0.2226581585875225
58
0.8876410365949139
59
0.838097520987864
60
0.6700083566072956
61
0.6853253592862018
62
0.2767790904945495
63
0.5396705319554809
64
0.27143515604133484
65
0.23649081088524807
66
0.10241795628946254
67
0.7595629428560099
68
0.4557345058179943
69
0.5183254848102533
70
0.6964586200732661
71
0.6408910988025583
72
0.7827443903248389
73
0.5699165929927859
74
0.6316778225164593
75
0.3636451308238482
76
0.12704529258792222
77
0.8106688109277461
78
0.7725366991116663
79
0.7713384956452927
80
0.4344258709444543
81
0.5410004047029516
82
0.7025675719435233
83
0.7537366863280821
84
0.49562587965060223
85
0.5816364558157144
86
0.4076531925335658
87
0.6111488543757081
88
0.49792745005393113
89
0.6278245931950855
90
0.14250237759408366
91
0.19800696942839774
92
0.8873019994090569
93
0.742054303590826
94
0.3215095420266488
95
0.631304923438593
96
0.7206752466282876
97
0.11081605821400506
98
0.46143876870218725
99
0.607571216419563
100
0.7953232725318272
101
0.557477600439469
102
0.5514734314254996
103
0.2804349699474722
104
0.168638662649382
105
0.8227652642938258
106
0.7875201524745148
107
0.7261482057333776
108
0.13745252671504984
109
0.6828602120774149
110
0.4631043572333609
111
0.6705185737315673
112
0.5766524274160663
113
0.5112778309439582
114
0.6577216442778974
115
0.6903999434447232
116
0.7029813507935139
117
0.44110238791333534
118
0.5838138660981931
119
0.21983995254895902
120
0.6759445519907763
121
0.06775185081152947
122
0.5207493850273613
123
0.5327801818026756
124
0.15005596321099626
125
0.2276573286418946
126
0.6024852720295396
127
0.7734660202408806
128
0.7743874358439347
129
0.8387840561711886
130
0.32768126866163044
131
0.6652318264988537
132
0.27696359194805553
133
0.20760993516647708
134
0.09536745228590675
135
0.36491263980688043
136
0.7867942717186008
137
0.7991904412407125
138
0.29274179808866546
139
0.46212703825094803
140
0.8888655357267865
141
0.7231520564677718
142
0.617340917781652
143
0.05814437647803344
144
0.7635674470347956
145
0.7278948376993949
146
0.26225885428852924
147
0.15614493704175175
148
0.9081791708916063
149
0.9065454436883299
150
0.3898364411651953
151
0.6747005507284682
152
0.7012970509874221
153
0.6638501368834888
154
0.8249674767401658
155
0.5681434171305532
156
0.6435593941129704
157
0.7418746900946036
158
0.3227153815182041
159
0.6492885932633298
160
0.8018116753905165
161
0.13334408768281505
162
0.6537905551981272
163
0.20253964545955477
164
0.6642475718312497
165
0.2644260712069986
166
0.8468660075011314
167
0.17195866168139615
168
0.2721912585150559
169
0.4949044275534388
170
0.31428603241173936
171
0.8982350819617708
172
0.0975617060715943
173
0.40720921870297005
174
0.8762333232626336
175
0.24904759049634656
176
0.49903360190678614
177
0.6402559054961433
178
0.11512783365247588
179
0.06223458400772359
180
0.6374707102746657
181
0.15045622004990267
182
0.5317721333495986
183
0.3659263049606666
184
0.2989956047114576
185
0.38376454028150525
186
0.9087340218553799
187
0.558610058517125
188
0.9009844665885327
189
0.4690975869345136
190
0.6975297854138518
191
0.15905680337746483
192
0.806414077726009
193
0.6366037048604052
194
0.09904513468829121
195
0.11440844518382318
196
0.7168059800393153
197
0.6103873653148918
198
0.499817275425559
199
0.05274663578651172
200
0.21774313064796558
201
0.784046981205737
202
0.5978176862780205
203
0.07896859848045992
204
0.11833992806831375
205
0.8706363412753233
206
0.7450962967040691
207
0.8569167973884554
208
0.6426325470321371
209
0.43772318207255423
210
0.21855785323882124
211
0.33447352949898884
212
0.2979855378099442
213
0.9056168149043513
214
0.8018620670543622
215
0.152969299315963
216
0.2125072077452882
217
0.6176946424195224
218
0.55240516220615
219
0.8871132480765564
220
0.20051668281254242
221
0.18290454993159241
222
0.2335632395544091
223
0.19774535842644558
224
0.8618791379590789
225
0.0925670825882418
226
0.8731227145281122
227
0.5391889655496359
228
0.5906623534590533
229
0.42821156158341167
230
0.7820314609850094
231
0.1943851696684029
232
0.6849688141711662
233
0.7653351656900352
234
0.3736535889705527
235
0.12534458145659322
236
0.8328779266487063
237
0.37208414823498515
238
0.4632599867026783
239
0.6222765604125787
240
0.7223755545491075
241
0.5077537523066818
242
0.11586145735953952
243
0.7779215859315458
244
0.48602581542391754
245
0.6095017631311979
246
0.33637869771700185
247
0.9229727711410318
248
0.6632068872233863
249
0.5904166549483016
250
0.5342895658394179
251
0.6525381681999407
252
0.48396998849278294
253
0.3821345052802793
254
0.5181081311164171
255
0.3773216666612714
256
0.4815395625986997
257
0.6667333514999219
258
0.4749297493651932
259
0.8185292212200959
260
0.5381776359546844
261
0.6232168457577132
262
0.48637472736459386
263
0.7158788647147322
264
0.4844079299147856
265
0.2998308679361837
266
0.46912703014376356
267
0.8643580400549274
268
0.834807998668098
269
0.434355011871837
270
0.3476508557415593
271
0.47015541989676185
272
0.5825782067466218
273
0.48249998129622834
274
0.3360486722042774
275
0.4865994916124401
276
0.17122765492639155
277
0.5873570354103606
278
0.3576042154528111
279
0.2323431355290603
280
0.5467805146437943
281
0.6604511147427968
282
0.1701545443489814
283
0.6626099481524969
284
0.4451201944660017
285
0.5302536217811878
286
0.5104658271607896
287
0.7453328562607272
288
0.5909765783494306
289
0.676419252381686
290
0.5449810194148396
291
0.5116916199787609
292
0.49490083193374595
293
0.6684546733294692
294
0.6408693686908102
295
0.1863645010228857
296
0.32268238732955123
297
0.6183226481749329
298
0.3017095786162678
299
0.7306777365608238
300
0.32603908887540395
301
0.44441458959601493
302
0.30460911377408406
303
0.8202880803660947
304
0.5236070025263718
305
0.6322391147207937
306
0.48659959167082606
307
0.14584315750029736
308
0.08026565680302183
309
0.8189779755840128
310
0.5440277078288818
311
0.13409911064673666
312
0.8092157917346271
313
0.5593024095403177
314
0.11789758144694312
315
0.7364430473029123
316
0.6881239853285942
317
0.6576859362432692
318
0.6987247674044188
319
0.6174675531848075
320
0.6620574323011654
321
0.6114272525350257
322
0.5488526517746337
323
0.2935931922621513
324
0.32629057120859895
325
0.45466605459534953
326
0.7278077084930719
327
0.26122959353904407
328
0.30385436745931305
329
0.7040407611646233
330
0.1800032901472769
331
0.5294652450071994
332
0.733632713603239
333
0.33865656559937957
334
0.27217874666023045
335
0.27823641254417975
336
0.7163873003257241
337
0.3422171892068405
338
0.1691466662403532
339
0.7003278756909486
340
0.7955886072616826
341
0.35948970587094525
342
0.2774253719959365
343
0.10716951233613793
344
0.5422547336445849
345
0.2127822752451225
346
0.789135796402186
347
0.5595793474639486
348
0.2873531429013618
349
0.29511990476692523
350
0.6570495894770773
351
0.13843644230946173
352
0.5708986792109789
353
0.16959469076451783
354
0.4227681064951355
355
0.7389337694954431
356
0.6245002816713416
357
0.7543163333276895
358
0.629189827602568
359
0.547821162035698
360
0.32013704262766546
361
0.8469411557423375
362
0.626202426796481
363
0.6612882270618203
364
0.3776869681609572
365
0.8329559407219222
366
0.21491272184420654
367
0.6940288035045465
368
0.8132205128694332
369
0.4994958817134128
370
0.7066070163546492
371
0.5100335923045334
372
0.5591500544116609
373
0.13250600682817887
374
0.7576976996214775
375
0.26684421042890005
376
0.24476536804344542
377
0.8288761534851506
378
0.497362863259439
379
0.7915651349342723
380
0.5201525541008853
381
0.7143820429879848
382
0.12355903108984309
383
0.4173648465645778
384
0.6876976712354782
385
0.1087202729491322
386
0.3127088482224685
387
0.4907688648448767
388
0.5204016539912596
389
0.808465086697968
390
0.7372884558899601
391
0.7113881690692087
392
0.5623757080520493
393
0.4067420776882567
394
0.17440862961464096
395
0.852089723239418
396
0.527808089554537
397
0.6723071064434426
398
0.5116049678378306
399
0.7490361592895856
400
0.5332522974886418
401
0.406047707573331
402
0.5681090831029885
403
0.439849688391065
404
0.5739836678959463
405
0.6827969289153221
406
0.5207676289066588
407
0.43872905243238514
408
0.5647050133041488
409
0.5505799449807949
410
0.398421949683611
411
0.12793734401971102
412
0.8836424568673339
413
0.6358950284502727
414
0.3386952279861564
415
0.031992664842276926
416
0.2357156778830531
417
0.013749331774781604
418
0.4021597844700606
419
0.930437869689257
420
0.26245935656101843
421
0.9449854887219848
422
0.48354743713140746
423
0.18130795168469177
424
0.8788439605531619
425
0.4838795304579404
426
0.09414130350406735
427
0.8984942496310542
428
0.8918276211215739
429
0.9557775368943758
430
0.08210444467668811
431
0.8462546110017723
432
0.2589056781827642
433
0.8260760735056296
434
0.2666198572225097
435
0.7645521851092266
436
0.2826270067585993
437
0.11250725254673113
438
0.7834797012015869
439
0.7004062179790906
440
0.2956378787201405
441
0.7296679343380761
442
0.2777410160241743
443
0.7020110744469962
444
0.35725190332287543
445
0.10200908533076014
446
0.7127261793547925
447
0.7900234820513184
448
0.3780700569020196
449
0.2898542257025247
450
0.05635134145736538
451
0.9335207118971394
452
0.9239140426278686
453
0.6106221149712762
454
0.7231948227495519
455
0.518428590190001
456
0.2633876457349472
457
0.7246559473538223
458
0.4738476791279075
459
0.5014428793931941
460
0.8112575070985404
461
0.3343688816590466
462
0.49074941552285334
463
0.14520797125528143
464
0.9012779609498509
465
0.6304383494651503
466
0.5757561571265853
467
0.21750727569155934
468
0.63530950088935
469
0.8887318230769716
470
0.5117505721365853
471
0.6139889368555786
472
0.7528823036843585
473
0.6144182751672236
474
0.683621262592136
475
0.42965892352125684
476
0.37341675332494845
477
0.755535829342485
478
0.45239717159484694
479
0.5372759052815821
480
0.6570003286237245
481
0.5723053758317549
482
0.6119088806124275
483
0.33890018040350256
484
0.6350761327773838
485
0.3646451362572475
486
0.43803616510073307
487
0.3761956007003304
488
0.733347166962104
489
0.42484524755819675
490
0.7517377984182374
491
0.6718473669388346
492
0.24217781050827417
493
0.6442607793995127
494
0.5262321463255883
495
0.38133821869947415
496
0.3546657523770227
497
0.6236852836456616
498
0.16965428623664364
499
0.6280408933177457
500
0.8036559726296157
501
0.5135332252274386
502
0.6983356054356317
503
0.8040304343063218
504
0.5125714278163964
505
0.4499762112680034
506
0.06841323930504964
507
0.47089189246901303
508
0.8195919952109365
509
0.3642955652484596
510
0.7803916314954822
511
0.6236985652067414
512
0.5114246549871956
513
0.387645484704446
514
0.350697276996242
515
0.240639501477606
516
0.3024003155683489
517
0.72366034123313
518
0.24125000165665683
519
0.20819317355411204
520
