u
0.7192831914323681
1
0.47044879551014657
2
0.7122083284952485
3
0.299804276680317
4
0.4963307003400868
5
0.6135464122824968
6
0.4988076536728463
7
0.5731635451101826
8
0.19955017800256852
9
0.09217265530748515
10
0.43649532776598343
11
0.6368107035325562
12
0.4969169574337029
13
0.4362596343314595
14
0.44981282421746455
15
0.6982918805311811
16
0.5825731166747571
17
0.25489635656770276
18
0.8063911582421488
19
0.4651780064249661
20
0.5263179772291686
21
0.7223986762882493
22
0.6997083469925338
23
0.5753346424231457
24
0.4118669365893027
25
0.563247362715112
26
0.6894236805845896
27
0.5513990480979376
28
0.7573250651884704
29
0.25654601337746796
30
0.47596487525058045
31
0.7146347665288362
32
0.2980867887520069
33
0.36712324000798613
34
0.5565553621877558
35
0.1877873357412148
36
0.6964892679095309
37
0.7621394088170221
38
0.6733029458142484
39
0.5421820597467408
40
0.5945828780925471
41
0.6467666959102082
42
0.40775203375963887
43
0.4616073807276049
44
0.669055065441854
45
0.6560053031287086
46
0.7274111035233846
47
0.6221046657561426
48
0.656208196399875
49
0.5175871034527203
50
0.669706218768297
51
0.6439080522703943
52
0.47263327961733853
53
0.3402717650148997
54
0.2921133097030201
55
0.4588702530083277
56
0.49949160691215255
57
0.24869198428936498
58
0.8425136164362279
59
0.6065288519790414
60
0.6546841156119033
61
0.48806274321357196
62
0.11890551214318579
63
0.4223400176219015
64
0.12480702761610864
65
0.5915295801426971
66
0.34771878132446243
67
0.6913600031622351
68
0.5023334101174618
69
0.8082176663316003
70
0.4417228166766409
71
0.6829761800323776
72
0.6684490523808265
73
0.3304301080837059
74
0.6610249810949069
75
0.6377768059693649
76
0.4858613971918865
77
0.5669632581698132
78
0.715826247424119
79
0.6287043622123194
80
0.5724081062696296
81
0.15119660856845557
82
0.5328641150945798
83
0.7184004047920258
84
0.6614974728116944
85
0.5531845114312487
86
0.5133117885445765
87
0.5005994638973315
88
0.3304426048431756
89
0.4498851747650835
90
0.19576861328648645
91
0.33556005793719473
92
0.780870637239874
93
0.681901184708505
94
0.33535390979570673
95
0.4116914301255217
96
0.436302167858348
97
0.5803625859454201
98
0.1829215530912923
99
0.43452781066338336
100
0.8446244537722959
101
0.7235860739278721
102
0.6104057839593838
103
0.5359388529003206
104
0.2227030209054656
105
0.4713344731899165
106
0.595042852916987
107
0.5980577284047337
108
0.42547888359738567
109
0.5468632185598888
110
0.6734715984136324
111
0.32142779779267233
112
0.5235118456368018
113
0.5870424029324227
114
0.5621969577536859
115
0.46927455751419744
116
0.34714523784537177
117
0.4037446938121721
118
0.49213780821535696
119
0.5914665235145518
120
0.5964672694184407
121
0.3695974243761619
122
0.5885918177141598
123
0.6337707786316173
124
0.41510883379023034
125
0.23233125267984736
126
0.7725501972042659
127
0.7143031939468409
128
0.4599746161205263
129
0.485805262434424
130
0.3324526614156576
131
0.27826368825715425
132
0.2201031407441887
133
0.29274502253147827
134
0.23164384190769244
135
0.6593301959524968
136
0.7996878199633252
137
0.7114150214517535
138
0.5876512172840987
139
0.3092891822532704
140
0.19405608630147658
141
0.5302817206849612
142
0.5115775348717626
143
0.2318249206781643
144
0.7217749973251001
145
0.6786061002512115
146
0.4565216962638568
147
0.617934985972602
148
0.13554062209238288
149
0.8623768796477397
150
0.6999225753438708
151
0.8656903512167717
152
0.6217901811228771
153
0.47802906184969884
154
0.7231570847622446
155
0.4707103324459259
156
0.26638453889705405
157
0.8238271392882712
158
0.3389405595317981
159
0.3466568905191739
160
0.6143132763985396
161
0.2955530133892137
162
0.5965183648863581
163
0.26450474030370835
164
0.22432126506711647
165
0.6439970173816144
166
0.3421061098992377
167
0.7396805635377223
168
0.11044291953066504
169
0.5560067696627455
170
0.6399083246214101
171
0.3590598238225008
172
0.34337137669878975
173
0.3966336809280766
174
0.8243225610703507
175
0.27634243720024626
176
0.7303601571672065
177
0.14175107671302276
178
0.2755036270717075
179
0.18324868661929924
180
0.6583414775335524
181
0.11739007999604935
182
0.6564007228989536
183
0.7311869736310358
184
0.2144356595141542
185
0.29503659099471974
186
0.8765717097413468
187
0.5619581368917701
188
0.6082718767711077
189
0.2672102423020257
190
0.4429647432042822
191
0.19923889882512452
192
0.8335824677475085
193
0.3900246440240982
194
0.3500409397734061
195
0.19168237970677776
196
0.6926394020127684
197
0.7623199525750902
198
0.7385714894972942
199
0.07186251463553842
200
0.22799857740198085
201
0.5728315226831443
202
0.7415927683443998
203
0.35351304932207894
204
0.12245559927330478
205
0.8628307962624915
206
0.33836650170905375
207
0.8945673114108174
208
0.6865291772082193
209
0.5099110143633705
210
0.24801667846748235
211
0.18486081522659734
212
0.3589132568353999
213
0.8614886884131494
214
0.6960878639089909
215
0.5337667331743949
216
0.5746463136519109
217
0.6422993015528503
218
0.5933555663926927
219
0.6414445131578215
220
0.2761223860294867
221
0.4604380126800629
222
0.18550007286621298
223
0.33678791573940753
224
0.8066937022639334
225
0.42328232793184845
226
0.8555694275808252
227
0.6445891622634587
228
0.6552984322948147
229
0.3471721074871809
230
0.575900776471787
231
0.5043835072380538
232
0.5023039095097597
233
0.1974732960590159
234
0.4470210710484335
235
0.37486989771476764
236
0.7961714201014063
237
0.5084760744726219
238
0.3380817882114602
239
0.40568411880967886
240
0.4668772784938745
241
0.18685476590527544
242
0.2618091766989666
243
0.8550659122805506
244
0.49457650266724235
245
0.8032184503089416
246
0.3281773141589858
247
0.7533727469865716
248
0.4064817912188956
249
0.7192434785253569
250
0.6018522331647608
251
0.5219285888062231
252
0.41649072709893
253
0.3215735573952666
254
0.6272807279778118
255
0.27334150718779393
256
0.7197831369429455
257
0.6891649994545368
258
0.39329103529037224
259
0.4938163432890218
260
0.648167495151923
261
0.5543152058742932
262
0.38428087009679296
263
0.724330929121928
264
0.36702139273069145
265
0.5654002345223843
266
0.4259850940045588
267
0.6225504417474027
268
0.33066459053883235
269
0.4469718197249635
270
0.297963928994345
271
0.5645439713460461
272
0.5721805548456151
273
0.25353589028586887
274
0.6930856693120345
275
0.36823600884893465
276
0.51967041172614
277
0.3665529233882814
278
0.588400119363708
279
0.4247435664948026
280
0.41471446766637404
281
0.5478792557704263
282
0.41659932679030587
283
0.6777286259498565
284
0.5194124339772778
285
0.4542203920200774
286
0.40384999174700276
287
0.5745923726278569
288
0.4640602274506447
289
0.47984365822746267
290
0.3559814498182692
291
0.7529583810770072
292
0.6746580717470596
293
0.47627929627126686
294
0.6177778301932517
295
0.6759895819849288
296
0.3727747994073527
297
0.5428156206966899
298
0.518129462972245
299
0.49909901286128266
300
0.4933937463344835
301
0.63886050874707
302
0.5101448091485262
303
0.5007872454748318
304
0.3631766411698701
305
0.34746392007041843
306
0.5940655119078152
307
0.6448918289344249
308
0.10256053173126221
309
0.6700442899920018
310
0.7283340342198025
311
0.3715158212200479
312
0.6017673261255471
313
0.45750564224984336
314
0.2304858798887068
315
0.3421641563881373
316
0.42013998957286447
317
0.6016169016918471
318
0.5670838537817198
319
0.6783233138549224
320
0.7294945967364016
321
0.611115976789137
322
0.4988723139075576
323
0.37031756744724054
324
0.39758229683472046
325
0.6075940639187605
326
0.604754839966262
327
0.737160807940612
328
0.451911942078907
329
0.483978759518494
330
0.46754575882145805
331
0.5205651799620534
332
0.5277488791260248
333
0.3436073232180844
334
0.5729238007740384
335
0.6697360498832036
336
0.3332414403291465
337
0.6613578872553547
338
0.19685493816322971
339
0.573745791050343
340
0.527957924327736
341
0.5585609086290168
342
0.2512680081996802
343
0.09981887611428705
344
0.6066294566228801
345
0.10242985429042685
346
0.8156664599992913
347
0.6812358882243201
348
0.16941902768283357
349
0.4438483880735794
350
0.3714651413098451
351
0.5380402278980907
352
0.2854058918539624
353
0.19748809018489757
354
0.8396780855308676
355
0.30148110918254534
356
0.8048637454225323
357
0.7215889663356119
358
0.5647986227403101
359
0.3760843170378753
360
0.8439160560803112
361
0.5481955885634471
362
0.7076664587521302
363
0.6083136793796986
364
0.5426764781260738
365
0.4565164978487012
366
0.5170899975675719
367
0.45468187777027563
368
0.32801982354666864
369
0.6471644340422381
370
0.504200498254117
371
0.7427456388335812
372
0.3904056640933637
373
0.4266121003772003
374
0.6752233158636097
375
0.673515533320801
376
0.34638271235926155
377
0.6062082855488463
378
0.7146224959040405
379
0.6781029775160022
380
0.46372720008667917
381
0.6212830091214071
382
0.3720686721368015
383
0.5081636402031119
384
0.6700979435666798
385
0.4291012016799578
386
0.19004603064609799
387
0.20044596259529057
388
0.7397280819205216
389
0.6910025695617679
390
0.6347245255270546
391
0.5402627556509616
392
0.6168081734228055
393
0.4656583472403264
394
0.11790113420640781
395
0.664371102452145
396
0.568145476319048
397
0.6710843398173107
398
0.3510671313066189
399
0.595533499645794
400
0.6883852663956246
401
0.31854437205965436
402
0.7413746353955762
403
0.2368374173064423
404
0.5807186369570314
405
0.6160453922657445
406
0.4992606611375783
407
0.24516941240849208
408
0.8299015211429928
409
0.7171976368239007
410
0.524586867338316
411
0.3336856847601097
412
0.49240999333809865
413
0.703381659980072
414
0.5354550708404507
415
0.05695906697081235
416
0.22152302513238803
417
0.05434502704016227
418
0.055999920766687195
419
0.5962781763474236
420
0.8057720803398059
421
0.9186355080623191
422
0.708275297016181
423
0.1116339087253698
424
0.6015126330521499
425
0.7636622672727037
426
0.5195041162705408
427
0.7261838005541063
428
0.8869122243608685
429
0.8652623351383548
430
0.2068516315921525
431
0.7032590554682768
432
0.3853737480180375
433
0.7646513135396332
434
0.22293876381103264
435
0.7272678304167086
436
0.47844891427180913
437
0.2839601009003175
438
0.6748411226557234
439
0.7273258845622398
440
0.48411936979316794
441
0.4484854022513495
442
0.23501872299669915
443
0.35367688133042274
444
0.5186479800598227
445
0.6881278885809352
446
0.14495630811861818
447
0.8997595678598735
448
0.6321803784061293
449
0.5005965492391786
450
0.11385876008556096
451
0.8720486788163118
452
0.8439053835361077
453
0.7425027844447423
454
0.6211329826212391
455
0.5727761334665599
456
0.4944020167554945
457
0.5574400477929614
458
0.4806961862111061
459
0.3592263286856477
460
0.7240411714768296
461
0.4133058333489151
462
0.6555795848129011
463
0.18220635651449135
464
0.8426292453911051
465
0.41821663333608494
466
0.5009097558010298
467
0.2658387993979586
468
0.62643724305128
469
0.6244055276993099
470
0.41513975522348867
471
0.6814263366639727
472
0.47932767221077127
473
0.7111211865033522
474
0.6220836435337177
475
0.47459984022798885
476
0.42978122861140083
477
0.5894519734385084
478
0.3885408486766512
479
0.5438566875091753
480
0.744462927293016
481
0.698004972172409
482
0.5336681276260169
483
0.574780534623814
484
0.3851859502427554
485
0.4274619543347479
486
0.4031043459943195
487
0.6407361379488873
488
0.5715020403219119
489
0.48736149386740435
490
0.7327088527323121
491
0.6786504760728499
492
0.23978142943866776
493
0.5721568354352926
494
0.6409846915002932
495
0.3066297133420002
496
0.4663332300476171
497
0.3979548681027249
498
0.13630513259964394
499
0.7002245747016069
500
0.6080487006966789
501
0.5831214771937848
502
0.30343721248374267
503
0.7580827510154564
504
0.4755537186267784
505
0.4210318115669355
506
0.277001930407401
507
0.4011704045968474
508
0.6835672165720532
509
0.4178571108281165
510
0.6869182605163514
511
0.5402902533137391
512
0.4007390332024106
513
0.3746228367276127
514
0.17453160558137132
515
0.1856675247497414
516
0.7301135283024055
517
0.6597712550389002
518
0.523573970182369
519
0.20885459348850888
520
