r
-0.05519170123623182
-0.29677399406894245
-0.02745289451872082
-0.06157209571405581
-0.04577082984809023
0.11406730246366122
0.02882250517988553
-0.03450694173286663
-0.03840065702117019
0.015228700924069619
0.004713117020440218
0.14598657497011955
-0.0032117092167820425
-0.06311036582444206
0.07973936523404222
0.03708514461186354
0.06051857143976391
0.08127017270591738
0.026859462390748913
0.24278746387069647
0.01772615418332382
-0.044083419971264
0.056968409126379474
-0.057870403302619715
0.5363310830895227
-0.035869154159113945
-0.022238579355543877
-0.024322221146106264
-0.06877268400257072
-0.1683057127877416
0.1659547478092973
0.0005626094484808755
0.11656994759794415
0.037947943811844576
-0.021305920863731575
0.010942449111999897
0.04189423569474291
-0.02696302595430067
0.17126533965599347
-0.063252522043884
-0.09182417343838614
0.002181026821242986
-0.0212341829940897
0.027566601329792852
-0.007557360279962003
0.023720654070284238
0.3701907067916055
-0.011639705789429643
0.00508428361141796
-0.06348516179750477
-0.0895170450791372
0.06328611871652795
-0.004680181452570588
0.14214816255262233
0.0038465810079316943
0.07340242695271126
0.0956886029026201
0.01783625968201769
0.004757632500624147
0.0969171213370401
-0.22541088730128758
0.21593701949811
0.09607508680298917
0.018829574404909503
-0.12455214449495183
-0.04285725001034547
0.007601919052819494
-0.04966876928333984
0.012319792306779924
-0.1562196705377093
0.016777396183139746
0.07814491925234364
-0.06627539261267273
0.21044901391491522
-0.06520242970369311
0.07962648424077565
0.0055601024251719314
0.011820094603363992
-0.0037612850008381027
-0.02726305195787506
0.11047847333729521
0.14825047825491014
-0.02978918552556508
0.004617375870903362
-0.027605530610903768
0.031413950434103874
-0.1018996589334118
-0.01898726285654964
-0.025643253365643395
-0.03721761980139227
-0.020751023427327715
0.03498643856638408
0.017862268988599286
-0.022343895710390665
-0.16876628185624512
0.08432994411066248
-0.08309174335179244
0.04208986575900511
0.03984482101374129
0.025021971389701227