r
0.022958951640778484
0.10312290980377807
-0.04795564894198753
0.03251747244827858
-0.05083469488188156
-0.03715497617931286
-0.006207743398744252
0.0063437671212268
-0.023448361907431645
0.09755897134376126
-0.052266838996111134
0.0321738509341154
0.05940388920527997
-0.015880047860032147
-0.05440000551844076
-0.025089257613245857
-0.035986302101782754
0.01543349707889989
-0.04093331116864142
-0.0006537149102050449
0.0071875029782071395
-0.03705545047401183
0.024532982782457777
-0.027714377336943728
-0.0020240812815381388
-0.028991571975526834
-0.00544439010413771
0.08440660391857208
0.10892684876865719
0.1121925568112057
-0.024048886869692938
-0.00449288090958361
-0.002964300552004577
0.006378338842729567
-0.014883133090019245
-0.05812235642631868
-0.005262428243952035
0.04389754836750336
-0.23207163373806836
-0.055354418179499806
-0.036289095609277296
-0.06128598753104941
-0.07405394298309165
-0.27431279688467713
0.04211855410044738
0.11144101523781628
0.004628693673351628
0.03748861675522634
-0.05839325917977736
0.016446877435199
-0.03546362101638711
0.027074240027366102
0.002644534750142484
0.0015296598117627933
-0.028698394939624793
-0.028065873054924684
-0.010020704350420554
0.004418637903980571
-0.0016484749147757621
0.06859269600620471
0.000639938171033559
-0.002699155012234627
-0.0783584326109131
-0.013124261979414298
0.13192982039550305
-0.0374323390998327
-0.03962780377370475
-0.01957354326575001
-0.022294080660634645
0.009326841700503703
0.009284555832840723
-0.00867385962920187
-0.07738437906347727
-0.04822065056184762
0.057567846344079625
-0.24187051932929315
-0.03715578270402269
0.06168505969362002
-0.01280110823339098
0.012212059895360077
-0.01226767742957098
-0.020840569866500576
-0.006419083161291207
0.0021099721585522997
-0.024898259210345632
0.0008022519959483205
0.05564287103659194
-0.002352913096725389
-0.06586970257430243
-0.19009815757099696
0.008609862162469391
-0.08289949822234047
-0.008406180130369142
-0.005306515490481808
-0.03487579869287903
-0.01122512642651487
-0.025180638466778222
-0.00708974641386434
-0.03690579963424413
-0.0010086180130923033