r
-0.05620018162620654
-0.021553882095309847
0.16174974679562576
-0.02526718461967749
0.12886813099421132
-0.06581001529968748
-0.012805639338846252
-0.048519456008649486
0.03597698128009619
-0.028670269589451354
0.03809620879030722
-0.25142278405786705
-0.14382384566458212
-0.04629468488672885
0.012071290442264137
0.06532088300205888
-0.02397331152989636
-0.0021146450126308795
0.10729644871138792
0.010470364962381995
-0.024088770347942344
0.06615741575424118
0.015759014521629162
-0.07954546905067279
-0.0011506835712855577
0.01761911622222181
0.09526395853992196
-0.08275854595935368
0.014340632339591538
-0.12343859430014051
0.103255185057653
-0.03480524090979981
-0.016888915986588305
-0.04056654580226173
0.0733043869936879
0.18187489869666246
0.004749092969689922
-0.09362422777070153
0.27028456569205994
0.013927301380915543
0.052415106200043055
0.1387847238830748
0.07109745199426216
0.28811467004315333
0.035775811147323616
-0.014070494217035498
-0.001995952946500519
-0.10726844226999496
0.06328611313947122
-0.006858363324049024
-0.007918136322832637
-0.1187814287354484
0.04878443355878339
0.030074188533785497
0.06566381115386334
-0.007909960543300313
0.026116168356680444
0.007227571778800426
-0.040448987155420196
-0.0034716295346770057
0.014328302186722505
-0.058688412889080194
0.0841773158207422
-0.03279656135889086
-0.17777698182643176
0.03275299749364338
-0.0006654611162336127
0.09819677724504657
-0.020128212336892323
-0.04152614527510433
-0.05890913128626113
0.06214786504826166
0.06198422547818871
0.022974914870225297
-0.01385491664632772
0.2111710002491967
-0.003431138917212933
-0.058754367352109226
0.006562908328459919
0.013132808829339778
0.05087442814181094
0.11174671839187887
-0.031832409031254394
0.05956343031229141
0.006185473771696923
0.014824845867173125
-0.10173828129967787
0.023051960831229127
0.05393343127048669
0.5149051963516668
-0.03153874216780771
0.009627997013362805
-0.011428451154005486
-0.03694339387226604
0.03629091959869246
0.008247614535774292
0.003305228727152115
0.0022989038702907476
0.10340530001849907
0.22119892162169477