r
-0.2636286511067826
-0.10395538469940115
0.12206081760756557
0.004173885462436616
0.11598854480919754
-0.08021727428836493
-0.06635104840827026
-0.016441228652308893
0.017060216894258365
-0.028822005309057683
0.03846833928679667
-0.3705080192651926
-0.19535591190549834
-0.02949085162881483
-0.039874298976782456
0.03672648164407896
0.005055070127011044
0.04100780400209519
0.10382670551147535
-0.023873906835061267
-0.027895963673821397
-0.006522485468513914
0.005557499880619183
0.05081588175140463
-0.00832654136328271
0.03602783957471445
0.06514279529005994
-0.03413283424536521
-0.037047464575405385
-0.0010774282963975294
0.16666310436021722
-0.046462825779071064
-0.020106271274481537
-0.0978244813353916
0.14719815625899163
0.20830346442869224
-0.0025061243945253223
-0.09539187633850846
0.266086382040835
0.11780681245270641
-0.03016888509722198
0.09752129401491853
-0.001737457950836828
0.45026659501329963
0.06810798011277026
0.0024899224364078832
0.11004368864130985
-0.06498827021993692
0.11383425410651773
-0.07440234808676227
-0.008620921353283918
-0.18615341765809307
0.011513778826907777
0.03781104095018021
0.20111065002317846
0.00259025867645978
0.05460760145494672
0.026195537367598238
-0.07515517347196467
0.012098741768459228
0.08712415036577574
-0.004173072300547107
0.160785288870828
-0.05038973592739653
-0.2088723092494378
0.01854960075582537
-0.03745053012527156
0.09551117554115693
-0.005225784209508728
-0.052210048483765543
-0.10735349910421353
0.004246003264157675
0.03501872384813616
-0.09532932541597142
-0.018935690879490742
0.07137858084197635
-0.002056296917371311
-0.04214019684900193
0.003090305483055712
0.006474840678283117
0.0479030892449664
0.007009214461089885
-0.004758984770845789
0.01320380554783341
0.012765292484877788
0.0680752017019663
-0.09980654004044835
0.02481261886141484
0.053029800585050024
0.6471364234649513
-0.04322964586717047
0.028539995077686637
-0.005800299816106192
-0.05854832299560599
0.03203832206501881
0.02753603575554576
0.013821434076435612
0.04138272099247639
0.4732960023243865
0.5967127875542515