r
-0.08412321931988398
-0.04887456647923972
0.26230933796354505
-0.07713296292057552
0.08353051097550747
-0.039720684283432776
0.01708023288725009
-0.07480968402354299
0.08149305874391471
-0.07847842719043578
0.045857858682213815
-0.6225413320759909
-0.48258929244827037
-0.02520420606574409
0.02453629477432369
0.19625973513621364
-0.01724528970828667
-0.021149945452589428
0.0803385404298041
-0.013854731370135905
-0.022308624524890013
0.06743809433553011
0.00875806437529627
-0.6703825185302977
0.032428558041727965
0.032564406886431585
0.5111160672638764
-0.14054443678803605
0.0005957964232467958
-0.3919435677815766
0.11274253187830087
-0.09368467131469622
0.005240700870100118
-0.06574375723315183
0.056254856239253734
0.6130358049704329
0.018151059845642113
-0.03524968928278808
1.1190444855093347
0.04111017159068551
0.2274930359027968
0.5727366933020337
0.39927495587567025
0.810435812503274
0.04219548674524497
-0.000710191745965495
-0.037680024154578065
-0.059343029733540435
0.09440846225805538
0.0014848014231937442
0.020082829252357198
-0.08292806934408957
0.042264079599112096
0.0424626870604053
0.046227609231451465
-0.01133556953132706
-0.014993995274074638
0.04966142306078482
-0.1300809931665605
-0.015813525494687047
0.0016100986378275305
-0.018068577458793977
0.24421553498913054
-0.030559903135686704
-1.1139475607328857
0.07607896672895252
0.0157761319072812
0.12760617185680312
-0.020362059222671054
-0.056598484029739445
-0.02253680729993982
0.08940883421492336
0.6164701328870336
0.03290074969863467
-0.0296064240072646
0.9905158630833812
0.018945407487440107
-0.0030023754119155336
-0.021150280857060822
-0.00843201613630415
0.026546874572562294
0.39349673535361407
0.037825866636780316
0.06445625515764776
0.003742798058525503
-0.011952224607414755
-0.27461635665726286
0.022386241548015166
0.03203071223132367
1.5711159901676883
-0.020806919028586522
-0.012277227370578583
-0.023575832410857988
-0.056999178695120375
0.04572607028568211
-0.005592513137976585
0.04415107008949407
-0.0007430624553095817
0.0240838465582613
0.06072280371917367