r
-0.03693202774053186
0.002699242722751583
-0.0019952791564575097
0.09460718239515531
-0.26349329890668466
-0.08912697517152933
-0.032430434275877794
0.07854766623140307
-0.006460095444564151
0.6711297907972323
-0.05443904875662851
-0.08740288394095894
-0.18544416596605387
1.2741019814960937
0.09510191155790483
0.021460893782331514
-0.02202823094719082
-0.0584073363333198
-0.08731605910454585
-0.02559501093854404
0.048541668152179814
-0.38146340239329196
-0.018105041741465853
0.19485734352102976
0.03678048335862421
-0.001342508025611188
0.26497084232170864
-0.08762032741186686
-0.009309952096742314
-0.1903496154673854
0.10304177753291546
-0.020682855757910616
0.007140950780452437
-0.15098166016898526
0.028604767279076626
0.05308437818512529
-0.009911121379276498
-0.07037541888602647
1.0845106911542077
-0.5062306940725749
0.027875855333475193
-0.5702794805223611
0.053090975159352134
0.03743682235046296
-0.059495735711829326
-0.012386352190947277
-0.06477583088452898
0.015516408827207959
-0.014597471893339016
0.005646843700242427
-0.5316019893807603
-0.12073301272456213
0.5123822885254261
-0.03001770203616802
0.021351034968220738
-0.042187953857752064
-0.058091691342200255
0.15197595597695987
-0.5858879894470055
0.14820639390337395
-0.029712341640927082
0.08385854322697325
-0.12252881850021245
-1.4509265004645164
0.01130986228439864
0.03273068694616387
0.1496146180244094
0.07307194497246504
0.3102723947718416
0.043036319854372986
0.15494844243481073
0.10468590510729182
0.09136869228289198
0.20590101272975603
-0.6013367185668366
-0.07900227033104736
-0.6065407872094275
-0.06866377431743298
-0.009489129482035815
0.05847964662160535
-0.07337786772153568
0.011341417512933572
0.023662568548055866
0.029047883236255803
0.05063077456723657
0.09921461880779946
-0.06082496171322293
0.02274154367870476
-0.02767800063501218
0.0009061894024914324
-0.07474919729732592
0.0521159081894449
-0.33358734952262
-0.11133417116453817
-0.02139201182070745
-0.0914404059054586
-0.023735993577483024
-0.15062057964528489
0.03799963231914348
0.0003189560910402414