r
1.0584664836470876
0.29376358048548606
-0.018547013236331327
-0.018540169082710785
0.9373604137841106
-0.009370369113802086
-0.11197432799522992
-0.014153200520035035
0.01968628690954487
0.048521438908058705
-0.034856268800176095
-0.018702032196939347
0.009192375284793185
-0.04457269369490421
0.5549821022052526
-0.030350200842128368
0.3424838732209676
0.04803011991686046
-0.07242956460401717
0.029592015512437717
0.061801177424709794
0.12858739572443773
-0.04321951457804534
-0.042140300131046894
0.07754664967959247
-0.044797028327946076
0.09282195310411946
-0.019354058068346197
0.07639690173581754
-0.06956005699463562
-0.019735101098384895
0.04194976724074194
0.09362345430676913
-0.04692863344541148
-0.025877356333441622
0.07485770663120202
-0.5855520035975932
0.8069473200891641
0.013652933819617517
-0.04390634923081404
0.014466340724592618
-0.009486637105158043
-0.006765109687165978
-0.013501740080299217
0.18576803323188584
-0.04282738737880735
0.05019180971988053
0.06142885116119932
0.4637497825357485
0.018937252418658894
-0.19507285382740236
0.004455960934920438
0.0005406727126203455
0.07947360141528742
-0.2558845448745944
0.011057567003940203
0.030775489797612035
0.001165669661777667
0.04549590420919676
0.07937062443913248
-0.06943398269994486
-0.03675221465586534
0.01121378155314749
0.06155402777643113
0.025552912563672626
1.1742935557241203
0.0875021681680021
0.07406638589107462
0.061127512750716276
0.5377177885736589
-0.0043077032688345765
-0.09204609916469675
0.04224229078406147
0.07350106457157185
0.0034118664370560484
-0.680423541454194