r
-0.07127804130464054
-0.0286403864812952
-0.02034971429916601
0.19170439338534123
-0.01757162749861723
-0.14546978293963903
-0.017904235116962236
0.0739118641122436
0.06889395127794723
0.19427788563914128
-0.11209036707607026
-0.05405578321251599
-0.12769234926130965
0.34559590510556165
0.046405052168490335
0.00768839545250962
-0.005040751997825603
-0.024408873063111472
-0.09086907737300856
0.07475913056783813
0.1204155902708284
-0.13841340407533875
-0.014960429481963935
0.06058212251714295
-0.004581207717293341
-0.01837847492838227
0.21955847407107104
-0.133026356731019
-0.03586241905540308
-0.08944150314958306
0.15877689857187882
0.041373251937761285
-0.011703956922723158
-0.18874014327266558
0.0966317756229057
0.04099131861566864
-0.012553077790891997
-0.21534972037414885
0.16816464450777965
-0.12176855535891072
0.009094034088537373
-0.3206818035377325
0.06367484485446247
0.020809197785698036
-0.05511977246297636
0.04403542251827691
-0.03390005143289959
-0.14185990858284497
-0.024685023878776136
0.0042946693386152705
-0.03303122298854272
-0.07969585619906924
0.10447588715728548
-0.07325930835163601
0.0684017840086541
0.010126399094756908
-0.03947610972719154
0.12391370864263475
0.09099575864820933
0.1351046838092703
-0.06969555273015515
0.03224036589443699
-0.13911332770353593
-0.6001046343604164
0.006037009337055275
-0.020472496047169962
0.06539757600809236
0.03795573803229557
0.12422045598383827
-0.0014083532772237374
0.05245127871525731
0.10748452247646209
0.05467333919396777
0.07459495105224814
-0.3232584285265035
-0.2302219217092735
-0.1313978041394001
-0.026404926304884013
-0.06696903884827626
-0.026893193049653742
-0.030427711273921524
-0.015210243121501732
-0.04145004215418522
0.015077955618294935
0.06719836622503418
0.01207209610454399
-0.12859600471831895
-0.004841813927819833
0.014591946747532504
0.0016867582980761126
-0.056739504750213804
0.017554460010340157
-0.6148550998919083
-0.15234371170257335
-0.11265858548185967
-0.036972351320307593
0.08614475834874263
-0.33942372036630547
-0.006798349289457204
-0.013829346530470885