r
-0.06951241261627203
-0.04988537857985482
0.09684810624081372
-0.015875957929337093
0.0782553424835153
-0.04879604554506518
0.0163139090047577
-0.05421742770970775
0.04975109795404764
-0.029429385311883022
0.04758514605049427
-0.1616696434357406
-0.1174654403543815
-0.001947153451359568
0.007703201666774351
0.09548053311076408
-0.011169356965739358
-0.02407899184705153
0.06617978753503652
-0.031147435907893383
-0.02804619826068835
0.040088009790980865
-0.01171946207462094
-0.0756501319176241
0.01429241493105815
0.024152472097724694
0.10477152789440665
-0.03540122162144238
-0.00718404922983555
-0.07662546597791126
0.0835973630850039
-0.05027824977955683
-0.0013656814179861573
-0.061848134348664735
0.06784026477550882
0.13642077271413938
0.004586740992577899
-0.02231795303403202
0.2677162425237507
0.028327872150984423
0.06942024400514583
0.14959390432044511
0.07029021838507725
0.20268415371752554
0.03463397872834803
-0.0066583138820847975
-0.0018619311180773075
-0.15379534020696428
0.06758348291551416
-0.007801635699006762
-0.009257406943223863
-0.0937359081736389
0.02215155786192592
0.03768405728114229
0.06284669205638306
-0.008424737886070652
-0.0022188167543427243
0.023007024761866317
-0.05834500609268753
-0.01727703311062733
0.01444797262067592
-0.01989360624075787
0.10266133862335225
-0.03396256638734844
-0.16883380952533963
0.03429855131066628
0.00914251627756316
0.06669170772209264
-0.009459963303871265
-0.047394203514056085
-0.011946666286950094
0.046373082343896505
0.08250101670927464
-0.015648112941114782
-0.006504008142544482
0.2029520463708655
0.022227977639253924
-0.04113489772769095
-0.013534880410756204
-0.005316224894706158
0.024325860430565994
0.08367396296399408
0.020651229204041575
0.04276200984709462
0.02215739754918476
0.02049628862883272
-0.06615174993044623
0.006764401658515627
0.03154305217701246
0.3436269634357523
-0.0015434293673623227
-0.009762840049913396
-0.03906645103255925
-0.038856898370090424
0.035142301039446586
0.0009539743568480351
0.011236355559276302
0.018580281598233266
0.06111091681712491
0.04890579165274046