r
-0.05266520505253004
0.012424758243947384
0.033138265786428756
0.18177547929740373
-0.03275084854005315
-0.12761467223619674
-0.1396418670744437
-0.04812676379626419
0.013536039687559922
0.0926975886023708
-0.03685673933710155
0.010368682839702343
0.05155479439390281
0.631004035446302
0.04399537466129357
-0.05533357930549152
0.08704704393307668
-0.009819320950057659
-0.0920420919450025
-0.058850596393866327
0.16918383443760918
-0.11660892271804685
0.014131040594939897
0.15335774670981767
-0.027580771177784975
-0.019713631932107442
0.3443381845672356
-0.06103796643745602
-0.019565036159895154
-0.08067382896557114
0.1746662556391485
0.05688328444354424
0.029598313067377313
-0.09259220955902799
0.09342853817097149
-0.022657613922507827
-0.023466103879182767
-0.11387880151103014
0.1861554988712747
-0.07012460043523364
0.005502110703219454
-0.6450833257001847
0.07044222725509011
-0.02940150302136366
-0.024407441534417124
-0.008452828978609231
-0.021658944969872137
-0.06595710582353971
-0.019957274950406424
0.030530809836511543
-0.28910982008592917
0.00743471757775153
0.09145915151207179
-0.004295740185834731
0.024324130248343432
-0.01694516397707728
-0.06414476514393613
-0.08632684778275451
-0.4717125012122191
0.10233223876818272
-0.022170805405074257
0.012768676001602279
-0.03748323053334002
-1.0752529588051642
0.05490691911569549
0.030823278389372127
0.05483982719517636
-0.07704194728358489
0.2036660889458256
-0.027176939856363328
0.03752107856384908
0.05186863206938545
0.07010778434129761
0.1405552817563088
-0.16591985393807485
-0.12146602455560968
-0.41075667829402823
-0.041082733252659404
-0.03622806173928387
0.08031169842094016
-0.03752661356506741
0.048427496905192914
-0.01720699232253442
-0.0012274461584430216
0.004982592875755982
0.11197052100069184
-0.1458027395246178
0.008305727406888367
0.03327086859583434
0.20145615428099956
-0.06222680201971853
0.011677255470478543
-0.8660220180749733
-0.04454424054872064
0.04107427180546824
-0.0323204893520152
0.011708804755541756
-0.28444259640800984
-0.032201449076035914
0.07336284042299775