r
-0.028158827100981162
-0.08055193511004279
0.08064196985360972
-0.002345944481856647
0.028721649676906387
-0.021047978675062414
0.04975250747778311
-0.049427450339729485
0.027419042395089067
-0.012882978035816473
0.03702933027569443
-0.045952323044503404
-0.030997136490734937
-0.040670247450977005
0.200342735107569
0.21797679377084458
-0.04945440397121841
-0.009652530790582411
0.034245772442002616
0.021773112151614357
0.02068298999707138
0.07866795781906222
0.035984135136966626
-1.2092009243827293
0.05582136236503356
-0.050922736445846384
0.688835982620249
-0.12623390761589814
0.038461865007643696
-0.06210624022452347
0.07004408149179485
-0.045485787978846504
-0.007934579876687898
-0.032981189911303874
0.026837457488527353
0.30695919802748806
0.021906112079737316
-0.05209219252384214
1.332354538451675
0.026864906184469326
0.10426164780452102
0.13336717957168007
0.22212273727591952
0.5810121383521476
0.04945527023432919
0.005132862082657787
-0.0978955609753315
0.030306309856160014
0.11748590596535047
0.0036245165970707305
0.0811955231027009
-0.06811318530874312
0.11266943911098849
-0.012049065630533332
-0.005653313891120002
0.05013952608711799
-0.05518343509149638
-0.010977300372139813
-0.3254822408214921
-0.019415695198463267
0.07160110157734789
0.03394785513061638
0.2516523971338078
-0.0014944606341032408
-0.47496067254696067
0.027304031618908375
0.023214644616442483
0.1552027456121713
-0.027299250325550903
-0.05415579453322296
0.007210606608382685
0.0781049029919543
0.42047757344883335
0.0027042939970728947
0.012110199392284348
0.7851767466659446
0.07100984571218223
-0.005663679437830605
-0.03223653733319523
0.0016626379659379319
0.019452356244050086
0.08724190827598968
0.11004302018986922
0.06561526495535996
0.026806461002533637
0.03681033340348568
-0.11028773119039582
-0.0012566052308089941
0.0383295659908475
0.974120807728476
-0.014548074136430039
0.011530501704916091
0.0016316696631612391
-0.008780318098319313
0.03639171088510878
-0.020694773359983296
0.0526234075592264
-0.06827755996009748
0.04236370170371435
-0.10113897322631825